1626745977243 0.6811299010905253 0
1626745980229 0.5136704208664081 0
1626745983466 0.33760128826040275 0
1626745986700 0.3264150353157163 0
1626745989899 0.2188858705731581 0
1626745993133 0.16866149798396132 0
1626745996133 0.4361180580834845 0
1626745999163 0.411960471335644 0
1626746002140 0.6716507354982987 0
1626746005091 0.6333560304982322 0
1626746008298 0.4626129596464096 0
1626746011473 0.37386445350910663 0
1626746014685 0.42313947477098984 0
1626746017673 0.42820155840315577 0
1626746020658 0.3997226482437503 0
1626746023650 0.2985347759339117 0
1626746026635 0.28515131215346023 0
1626746029622 0.3831024682192209 0
1626746032609 0.4295977806578034 0
1626746035612 0.48169385810052195 0
1626746038860 0.38068066490170316 0
1626746041834 0.41216720194311185 0
1626746044830 0.32407520059066985 0
1626746047854 0.2527695763083647 0
1626746050886 0.3994444026032351 0
1626746053970 0.31562427129201626 0
1626746057157 0.2955886459295651 0
1626746060160 0.27729972850205165 0
1626746063131 0.37901625785684806 0
1626746066095 0.2776375996970361 0
1626746069103 0.2581415387891954 0
1626746072290 0.39685100818284647 0
1626746075307 0.25537354646739874 0
1626746078309 0.1989301278273047 0
1626746081289 0.21040596994936192 0
1626746084285 0.19698077962145827 0
1626746087346 0.1493774265274062 0
1626746090344 0.1966514754954571 0
1626746093326 0.1270098980121349 0
1626746096358 0.1539728169067664 0
1626746099391 0.08981145532106474 0
1626746102362 0.19404389293787117 0
1626746105350 0.11911261030193847 0
1626746108357 0.20780391036640114 0
1626746111601 0.181937138605777 0
1626746114807 0.14094083306426827 0
1626746118027 0.13587832162457128 0
1626746121087 0.16164895548798522 0
1626746124118 0.10833111453440881 0
1626746127124 0.1317308874895221 0
1626746130175 0.13508866208901604 0
1626746133199 0.0982831954475372 0
1626746136212 0.05457398281668738 0
1626746139195 0.12230272832099125 0
1626746142400 0.15231620822496678 0
1626746145612 0.039030048974751055 0
1626746148844 0.08294494171124724 0
1626746152063 0.06077944602353782 0
1626746155288 0.05320519592810405 0
1626746158279 0.06682341645390208 0
1626746161460 0.16047531888232253 0
1626746164681 0.11802271132095618 0
1626746167659 0.1222630044411061 0
1626746170638 0.07291405459153487 0
1626746173596 0.07255424497314313 0
1626746176570 0.11398694647072646 0
1626746179587 0.05866803717048418 0
1626746182585 0.0881584215274055 0
1626746185791 0.23444070567458455 0
1626746188986 0.10487096621933896 0
1626746192204 0.06008151372731556 0
1626746195259 0.10072947866691079 0
1626746198459 0.07978178268032414 0
1626746201443 0.06880180681261668 0
1626746204409 0.06098547399318713 0
1626746207415 0.07726051002603522 0
1626746210411 0.08233718615248456 0
1626746213401 0.06309606457635554 0
1626746216381 0.047107677305898356 0
1626746219406 0.04567090457966251 0
1626746222396 0.06830458320711615 0
1626746225380 0.0328900428480267 0
1626746228381 0.04949030541055213 0
1626746231387 0.09136641384338454 0
1626746234360 0.05054707599005529 0
1626746237366 0.061169564569463375 0
1626746240327 0.05801378705534518 0
1626746243335 0.04690174959290962 0
1626746246341 0.02471648984103708 0
1626746249383 0.02852483308329011 0
1626746252354 0.06006818927378149 0
1626746255353 0.041888745705498394 0
1626746258334 0.05084521266790579 0
1626746261353 0.03893029186788792 0
1626746264334 0.026359354847535696 0
1626746267342 0.01394945451740845 0
1626746270316 0.014047062337776209 0
1626746273311 0.009341037901942425 0
1626746276319 0.018410189772799422 0
1626746279317 0.025911520720214888 0
1626746282300 0.13130711767852546 0
1626746285309 0.06833843358101384 0
1626746288285 0.018522982498065436 0
1626746291525 0.06846581845788911 0
1626746294728 0.08766103009714783 0
1626746297918 0.038535209849030465 0
1626746300917 0.04490113808142562 0
1626746303904 0.027156571964926435 0
1626746307129 0.022782738925674544 0
1626746310369 0.03772452762479194 0
1626746313575 0.03390128683504833 0
1626746316540 0.02672153214327476 0
1626746319511 0.014554711818386058 0
1626746322497 0.04255807770562062 0
1626746325507 0.08348680311633695 0
1626746328480 0.03693980562247439 0
1626746331487 0.06132051146112829 0
1626746334499 0.05682652282060772 0
1626746337482 0.0658301500955485 0
1626746340475 0.029135114590590178 0
1626746343484 0.040663908291522256 0
1626746346485 0.03511004723299484 0
1626746349472 0.03594431995032227 0
1626746352419 0.03566817019117593 0
1626746355379 0.026263182062745815 0
1626746358336 0.03288324393572346 0
1626746361325 0.013472742757283598 0
1626746364347 0.045937131618231125 0
1626746367338 0.015228334144787855 0
1626746370313 0.011790003927965318 0
1626746373291 0.03668022670778811 0
1626746376278 0.03299609087632909 0
1626746379306 0.011320036403568727 0
1626746382314 0.02305918986896216 0
1626746385341 0.008046259258096943 0
1626746388326 0.010049956730536876 0
1626746391332 0.07756966819411598 0
1626746394313 0.03659171662143161 0
1626746397374 0.010090254148476958 0
1626746400385 0.014612388771353504 0
1626746403383 0.022807079251460766 0
1626746406599 0.013548696095774096 0
1626746409804 0.018128914766073707 0
1626746412778 0.01021267659318406 0
1626746415780 0.01872047521646053 0
1626746418776 0.030444321132207092 0
1626746421754 0.01311010891820566 0
1626746424774 0.015496333610386617 0
1626746427764 0.06158139065663386 0
