1626745977245 0.5299539170506913 0
1626745980231 0.728110599078341 0
1626745983468 0.8341013824884793 0
1626745986701 0.8709677419354839 0
1626745989902 0.9262672811059908 0
1626745993134 0.9308755760368663 0
1626745996134 0.9124423963133641 0
1626745999165 0.8663594470046083 0
1626746002141 0.8755760368663594 0
1626746005092 0.8525345622119815 0
1626746008300 0.815668202764977 0
1626746011474 0.8709677419354839 0
1626746014686 0.8294930875576036 0
1626746017675 0.815668202764977 0
1626746020660 0.815668202764977 0
1626746023652 0.8940092165898618 0
1626746026636 0.8617511520737328 0
1626746029624 0.880184331797235 0
1626746032611 0.8433179723502304 0
1626746035614 0.8202764976958525 0
1626746038862 0.8709677419354839 0
1626746041836 0.815668202764977 0
1626746044831 0.8709677419354839 0
1626746047856 0.9216589861751152 0
1626746050889 0.8847926267281105 0
1626746053972 0.880184331797235 0
1626746057159 0.8847926267281105 0
1626746060161 0.9032258064516129 0
1626746063132 0.8847926267281105 0
1626746066097 0.8986175115207373 0
1626746069104 0.8847926267281105 0
1626746072291 0.8894009216589862 0
1626746075309 0.9308755760368663 0
1626746078311 0.9216589861751152 0
1626746081291 0.9124423963133641 0
1626746084286 0.9170506912442397 0
1626746087349 0.9447004608294931 0
1626746090345 0.9262672811059908 0
1626746093328 0.9539170506912442 0
1626746096359 0.9493087557603687 0
1626746099393 0.9539170506912442 0
1626746102364 0.9539170506912442 0
1626746105353 0.9631336405529954 0
1626746108359 0.9032258064516129 0
1626746111603 0.9170506912442397 0
1626746114808 0.9493087557603687 0
1626746118028 0.9447004608294931 0
1626746121089 0.9308755760368663 0
1626746124121 0.9631336405529954 0
1626746127125 0.9447004608294931 0
1626746130178 0.9354838709677419 0
1626746133200 0.9631336405529954 0
1626746136214 0.9907834101382489 0
1626746139197 0.9585253456221198 0
1626746142402 0.9447004608294931 0
1626746145614 0.9907834101382489 0
1626746148845 0.9769585253456221 0
1626746152064 0.9723502304147466 0
1626746155291 0.9861751152073732 0
1626746158280 0.9723502304147466 0
1626746161463 0.9447004608294931 0
1626746164683 0.9354838709677419 0
1626746167660 0.9539170506912442 0
1626746170640 0.967741935483871 0
1626746173598 0.9769585253456221 0
1626746176572 0.9447004608294931 0
1626746179589 0.9723502304147466 0
1626746182586 0.9723502304147466 0
1626746185792 0.9539170506912442 0
1626746188988 0.9769585253456221 0
1626746192207 0.967741935483871 0
1626746195261 0.967741935483871 0
1626746198460 0.967741935483871 0
1626746201445 0.9907834101382489 0
1626746204411 0.9907834101382489 0
1626746207418 0.9723502304147466 0
1626746210413 0.967741935483871 0
1626746213403 0.9861751152073732 0
1626746216384 0.9861751152073732 0
1626746219407 0.9861751152073732 0
1626746222398 0.9723502304147466 0
1626746225382 0.9953917050691244 0
1626746228382 0.9815668202764977 0
1626746231388 0.9631336405529954 0
1626746234361 0.9907834101382489 0
1626746237369 0.9769585253456221 0
1626746240329 0.9953917050691244 0
1626746243337 0.9907834101382489 0
1626746246343 0.9953917050691244 0
1626746249384 0.9907834101382489 0
1626746252357 0.9861751152073732 0
1626746255355 0.9815668202764977 0
1626746258336 0.9815668202764977 0
1626746261356 0.9815668202764977 0
1626746264336 0.9907834101382489 0
1626746267345 1.0 0
1626746270319 1.0 0
1626746273312 0.9953917050691244 0
1626746276321 0.9907834101382489 0
1626746279319 0.9861751152073732 0
1626746282302 0.9723502304147466 0
1626746285312 0.9815668202764977 0
1626746288286 1.0 0
1626746291527 0.9769585253456221 0
1626746294729 0.9631336405529954 0
1626746297919 0.9815668202764977 0
1626746300920 0.9907834101382489 0
1626746303906 0.9907834101382489 0
1626746307132 0.9953917050691244 0
1626746310371 0.9907834101382489 0
1626746313577 0.9861751152073732 0
1626746316542 0.9861751152073732 0
1626746319513 0.9953917050691244 0
1626746322499 0.9815668202764977 0
1626746325508 0.9861751152073732 0
1626746328482 0.9861751152073732 0
1626746331490 0.9861751152073732 0
1626746334501 0.967741935483871 0
1626746337483 0.9769585253456221 0
1626746340478 0.9907834101382489 0
1626746343485 0.9815668202764977 0
1626746346487 0.9861751152073732 0
1626746349474 0.9953917050691244 0
1626746352422 0.9815668202764977 0
1626746355381 0.9907834101382489 0
1626746358338 0.9907834101382489 0
1626746361326 1.0 0
1626746364348 0.9861751152073732 0
1626746367340 0.9953917050691244 0
1626746370315 1.0 0
1626746373293 0.9861751152073732 0
1626746376280 0.9907834101382489 0
1626746379308 0.9953917050691244 0
1626746382315 0.9907834101382489 0
1626746385342 1.0 0
1626746388328 1.0 0
1626746391334 0.9723502304147466 0
1626746394316 0.9861751152073732 0
1626746397375 1.0 0
1626746400386 0.9907834101382489 0
1626746403386 0.9861751152073732 0
1626746406600 0.9953917050691244 0
1626746409806 0.9953917050691244 0
1626746412780 0.9953917050691244 0
1626746415782 0.9953917050691244 0
1626746418777 0.9907834101382489 0
1626746421755 1.0 0
1626746424775 1.0 0
1626746427766 0.9815668202764977 0
