1626470861303 0.6724997114750647 0
1626470864316 0.5081523091012982 0
1626470867373 0.336512915137726 0
1626470870370 0.29179887772293134 0
1626470873366 0.1575641773538106 0
1626470876585 0.3132390886639601 0
1626470879783 0.19626817227371277 0
1626470882774 0.7784107063772492 0
1626470885797 0.7230918202806728 0
1626470888770 0.6417674146214938 0
1626470891773 0.40601191281722987 0
1626470894761 0.3855219011619893 0
1626470897777 0.42496382668271043 0
1626470900779 0.5209627255866055 0
1626470903771 0.4282429584984406 0
1626470907004 0.4154083697202568 0
1626470910235 0.4476525231440496 0
1626470913476 0.41755783379352585 0
1626470916482 0.5358799950043727 0
1626470919708 0.4399289178408785 0
1626470922727 0.43476399793053555 0
1626470925754 0.501668366968357 0
1626470928766 0.3680502783318269 0
1626470931771 0.3256052552555014 0
1626470934744 0.34047389847616993 0
1626470937753 0.3274847090518969 0
1626470940835 0.4239175058729638 0
1626470943847 0.32479830312838753 0
1626470946849 0.3847272703724523 0
1626470949899 0.3107991618220158 0
1626470952930 0.36793134000993544 0
1626470956004 0.30881797213296186 0
1626470959025 0.30931620595092596 0
1626470962034 0.2660114789544712 0
1626470965029 0.284227663196177 0
1626470968047 0.2510863995771804 0
1626470971042 0.27526069483998733 0
1626470974095 0.3183077076613079 0
1626470977128 0.21678339089116744 0
1626470980140 0.20175136618899858 0
1626470983149 0.17375360683362057 0
1626470986140 0.2946783205674541 0
1626470989142 0.19478466722273058 0
1626470992162 0.26432833480670154 0
1626470995207 0.20231119594815689 0
1626470998215 0.2043397404631162 0
1626471001199 0.26244507881078855 0
1626471004246 0.20280475282724003 0
1626471007261 0.16693609211302024 0
1626471010270 0.21489002133294735 0
1626471013298 0.18335652050952758 0
1626471016319 0.19171823059908255 0
1626471019354 0.17656156283369812 0
1626471022350 0.1786102457508479 0
1626471025352 0.20436798127084832 0
1626471028365 0.17261801886668404 0
1626471031367 0.18035211572037316 0
1626471034372 0.15367790981097154 0
1626471037374 0.13635805207369034 0
1626471040360 0.2604156997964679 0
1626471043363 0.20919966738894238 0
1626471046445 0.20621087350603623 0
1626471049453 0.17066411385613103 0
1626471052477 0.1572635695681594 0
1626471055492 0.1761454397014209 0
1626471058508 0.12662482639336917 0
1626471061505 0.07232128945501169 0
1626471064728 0.11406057441289524 0
1626471067718 0.1867892336323514 0
1626471070708 0.09801470630797922 0
1626471073716 0.1313457221204784 0
1626471076711 0.1335128273875002 0
1626471079691 0.13564726881991884 0
1626471082740 0.11705997624018226 0
1626471085723 0.10850792470890257 0
1626471088749 0.17779153860109742 0
1626471091823 0.07930393880962776 0
1626471094861 0.09852246892926056 0
1626471097870 0.09649615154563007 0
1626471100866 0.11035173430970188 0
1626471103884 0.10531869743551527 0
1626471107149 0.07318426119292387 0
1626471110140 0.061150456611324566 0
1626471113207 0.12006786371225037 0
1626471116196 0.10242332567885724 0
1626471119179 0.08827257842417754 0
1626471122231 0.10853087304649266 0
1626471125283 0.09078042740474374 0
1626471128277 0.09780420136341851 0
1626471131304 0.10545095622814196 0
1626471134308 0.10663984944262812 0
1626471137506 0.06656125118775714 0
1626471140473 0.0790611864003237 0
1626471143479 0.06416656370467853 0
1626471146499 0.05553663796680863 0
1626471149503 0.04049197714861637 0
1626471152586 0.04851498143009258 0
1626471155614 0.04476861072455271 0
1626471158619 0.05905646999036112 0
1626471161845 0.06834911860628612 0
1626471164830 0.10815074340727884 0
1626471167840 0.06229236948600013 0
1626471170941 0.07037446654749356 0
1626471173952 0.033696082811201775 0
1626471177027 0.08780792451673938 0
1626471180234 0.07787558958921496 0
1626471183378 0.04553564400991537 0
1626471186399 0.04060436476210845 0
1626471189415 0.032281772053289796 0
1626471192408 0.057220374933585595 0
1626471195616 0.04327043054908651 0
1626471198843 0.05908150816430694 0
1626471202074 0.029406922032481516 0
1626471205076 0.046252225813228416 0
1626471208114 0.09382685950274841 0
1626471211105 0.04845459340462109 0
1626471214087 0.06701517208105957 0
1626471217325 0.03680391740354319 0
1626471220540 0.029121688717315273 0
1626471223570 0.07865418074652553 0
1626471226616 0.07475916498817058 0
1626471229628 0.030399639786045124 0
1626471232666 0.09895639595374989 0
1626471235645 0.06232650626948627 0
1626471238642 0.03359510186493122 0
1626471241645 0.09605559143602574 0
1626471244646 0.08704353120362532 0
1626471247663 0.08557835650471499 0
1626471250671 0.03340947531562831 0
1626471253671 0.03535814466242451 0
1626471256665 0.022704158441811662 0
1626471259695 0.040081088710147116 0
1626471262691 0.05118617758772889 0
1626471265697 0.05257195344169019 0
1626471268703 0.036847861131764775 0
1626471271707 0.03695723386953503 0
1626471274729 0.08324049997104821 0
1626471277762 0.06148058354579908 0
1626471280746 0.02558102386613046 0
1626471283770 0.04399798584518276 0
1626471286964 0.033033903843770446 0
1626471290173 0.03373640500360988 0
1626471293179 0.026175836953098462 0
1626471296157 0.017268179746318935 0
1626471299150 0.021533467240356905 0
1626471302160 0.042913940645033316 0
1626471305141 0.04018083971405771 0
1626471308162 0.034723532647924486 0
1626471311184 0.05911022335428247 0
