1626470861305 0.5622119815668203 0
1626470864317 0.7004608294930875 0
1626470867375 0.8709677419354839 0
1626470870371 0.8940092165898618 0
1626470873367 0.9447004608294931 0
1626470876586 0.9216589861751152 0
1626470879785 0.9308755760368663 0
1626470882775 0.8617511520737328 0
1626470885798 0.8248847926267281 0
1626470888772 0.7511520737327189 0
1626470891774 0.8110599078341014 0
1626470894763 0.8202764976958525 0
1626470897779 0.8202764976958525 0
1626470900780 0.847926267281106 0
1626470903773 0.7880184331797235 0
1626470907007 0.8064516129032258 0
1626470910238 0.8110599078341014 0
1626470913478 0.7880184331797235 0
1626470916485 0.815668202764977 0
1626470919709 0.8433179723502304 0
1626470922729 0.8387096774193549 0
1626470925756 0.8248847926267281 0
1626470928767 0.8525345622119815 0
1626470931773 0.880184331797235 0
1626470934745 0.8663594470046083 0
1626470937754 0.8617511520737328 0
1626470940837 0.8387096774193549 0
1626470943848 0.8755760368663594 0
1626470946851 0.8571428571428571 0
1626470949900 0.8755760368663594 0
1626470952932 0.8663594470046083 0
1626470956006 0.8663594470046083 0
1626470959028 0.8525345622119815 0
1626470962036 0.9078341013824884 0
1626470965031 0.8940092165898618 0
1626470968049 0.8940092165898618 0
1626470971044 0.8847926267281105 0
1626470974096 0.880184331797235 0
1626470977131 0.9078341013824884 0
1626470980141 0.9216589861751152 0
1626470983151 0.9216589861751152 0
1626470986141 0.9032258064516129 0
1626470989143 0.9354838709677419 0
1626470992164 0.8986175115207373 0
1626470995209 0.9078341013824884 0
1626470998216 0.9262672811059908 0
1626471001200 0.8894009216589862 0
1626471004249 0.9262672811059908 0
1626471007262 0.9354838709677419 0
1626471010273 0.9032258064516129 0
1626471013300 0.9262672811059908 0
1626471016321 0.9216589861751152 0
1626471019356 0.9124423963133641 0
1626471022351 0.9262672811059908 0
1626471025354 0.9262672811059908 0
1626471028367 0.9262672811059908 0
1626471031369 0.9354838709677419 0
1626471034373 0.9447004608294931 0
1626471037375 0.9400921658986175 0
1626471040361 0.9124423963133641 0
1626471043365 0.9170506912442397 0
1626471046447 0.8940092165898618 0
1626471049456 0.9262672811059908 0
1626471052480 0.9308755760368663 0
1626471055493 0.9354838709677419 0
1626471058509 0.9493087557603687 0
1626471061507 0.9861751152073732 0
1626471064729 0.967741935483871 0
1626471067720 0.9262672811059908 0
1626471070710 0.9539170506912442 0
1626471073719 0.9400921658986175 0
1626471076713 0.9493087557603687 0
1626471079693 0.9447004608294931 0
1626471082741 0.9400921658986175 0
1626471085724 0.9539170506912442 0
1626471088750 0.9262672811059908 0
1626471091826 0.967741935483871 0
1626471094862 0.9493087557603687 0
1626471097871 0.9631336405529954 0
1626471100867 0.9493087557603687 0
1626471103885 0.9585253456221198 0
1626471107152 0.9631336405529954 0
1626471110142 0.9861751152073732 0
1626471113208 0.9585253456221198 0
1626471116199 0.9585253456221198 0
1626471119181 0.9631336405529954 0
1626471122232 0.9631336405529954 0
1626471125284 0.9631336405529954 0
1626471128279 0.967741935483871 0
1626471131305 0.9585253456221198 0
1626471134310 0.9723502304147466 0
1626471137508 0.9769585253456221 0
1626471140475 0.9723502304147466 0
1626471143481 0.9723502304147466 0
1626471146500 0.9723502304147466 0
1626471149505 0.9815668202764977 0
1626471152587 0.9815668202764977 0
1626471155615 0.9861751152073732 0
1626471158621 0.9769585253456221 0
1626471161847 0.9815668202764977 0
1626471164832 0.9769585253456221 0
1626471167842 0.9769585253456221 0
1626471170943 0.9631336405529954 0
1626471173953 0.9861751152073732 0
1626471177029 0.9631336405529954 0
1626471180235 0.967741935483871 0
1626471183380 0.9907834101382489 0
1626471186400 0.9815668202764977 0
1626471189418 0.9907834101382489 0
1626471192410 0.9769585253456221 0
1626471195619 0.9769585253456221 0
1626471198845 0.9815668202764977 0
1626471202076 0.9953917050691244 0
1626471205079 0.9861751152073732 0
1626471208116 0.967741935483871 0
1626471211107 0.9861751152073732 0
1626471214089 0.9631336405529954 0
1626471217327 0.9815668202764977 0
1626471220542 0.9815668202764977 0
1626471223572 0.9723502304147466 0
1626471226617 0.9769585253456221 0
1626471229629 0.9861751152073732 0
1626471232669 0.9631336405529954 0
1626471235648 0.9907834101382489 0
1626471238644 0.9861751152073732 0
1626471241647 0.9539170506912442 0
1626471244648 0.9723502304147466 0
1626471247665 0.9585253456221198 0
1626471250673 0.9861751152073732 0
1626471253673 0.9861751152073732 0
1626471256668 0.9953917050691244 0
1626471259698 0.9861751152073732 0
1626471262693 0.9907834101382489 0
1626471265698 0.9815668202764977 0
1626471268705 0.9861751152073732 0
1626471271709 0.9907834101382489 0
1626471274732 0.9815668202764977 0
1626471277763 0.9769585253456221 0
1626471280748 0.9907834101382489 0
1626471283771 0.9815668202764977 0
1626471286965 0.9907834101382489 0
1626471290175 0.9861751152073732 0
1626471293181 0.9907834101382489 0
1626471296160 0.9953917050691244 0
1626471299151 0.9907834101382489 0
1626471302162 0.9861751152073732 0
1626471305143 0.9861751152073732 0
1626471308164 0.9815668202764977 0
1626471311185 0.9769585253456221 0
