1626428979317 0.46543778801843316 0
1626428982537 0.5253456221198156 0
1626428985531 0.5161290322580645 0
1626428988489 0.543778801843318 0
1626428991673 0.576036866359447 0
1626428994673 0.5852534562211982 0
1626428997640 0.6175115207373272 0
1626429000627 0.7050691244239631 0
1626429003813 0.7004608294930875 0
1626429006987 0.7788018433179723 0
1626429010151 0.7788018433179723 0
1626429013302 0.7880184331797235 0
1626429016502 0.8202764976958525 0
1626429019703 0.8709677419354839 0
1626429022909 0.8202764976958525 0
1626429026109 0.7972350230414746 0
1626429029087 0.8663594470046083 0
1626429032054 0.815668202764977 0
1626429035024 0.8525345622119815 0
1626429038043 0.8525345622119815 0
1626429041035 0.8663594470046083 0
1626429044037 0.8341013824884793 0
1626429047096 0.8894009216589862 0
1626429050074 0.9032258064516129 0
1626429053052 0.8755760368663594 0
1626429056019 0.9078341013824884 0
1626429058984 0.8894009216589862 0
1626429061942 0.8847926267281105 0
1626429064933 0.847926267281106 0
1626429067948 0.9124423963133641 0
1626429070939 0.9078341013824884 0
1626429073905 0.8847926267281105 0
1626429076929 0.9170506912442397 0
1626429079900 0.9124423963133641 0
1626429082869 0.9078341013824884 0
1626429085835 0.9032258064516129 0
1626429088816 0.9170506912442397 0
1626429091804 0.8986175115207373 0
1626429094803 0.9078341013824884 0
1626429097783 0.9400921658986175 0
1626429100785 0.9032258064516129 0
1626429103912 0.8940092165898618 0
1626429106980 0.9354838709677419 0
1626429110181 0.9078341013824884 0
1626429113147 0.9170506912442397 0
1626429116166 0.9262672811059908 0
1626429119147 0.9400921658986175 0
1626429122127 0.9170506912442397 0
1626429125094 0.9400921658986175 0
1626429128084 0.9078341013824884 0
1626429131090 0.9308755760368663 0
1626429134115 0.9308755760368663 0
1626429137089 0.9447004608294931 0
1626429140041 0.9124423963133641 0
1626429143035 0.8986175115207373 0
1626429146044 0.9308755760368663 0
1626429149037 0.9400921658986175 0
1626429152016 0.9539170506912442 0
1626429155223 0.9585253456221198 0
1626429158416 0.9216589861751152 0
1626429161610 0.9124423963133641 0
1626429164828 0.9493087557603687 0
1626429167995 0.9170506912442397 0
1626429171202 0.9400921658986175 0
1626429174388 0.9216589861751152 0
1626429177372 0.9539170506912442 0
1626429180358 0.967741935483871 0
1626429183355 0.967741935483871 0
1626429186311 0.9400921658986175 0
1626429189294 0.967741935483871 0
1626429192271 0.9539170506912442 0
1626429195261 0.9631336405529954 0
1626429198453 0.9308755760368663 0
1626429201417 0.967741935483871 0
1626429204617 0.9585253456221198 0
1626429207821 0.967741935483871 0
1626429210785 0.9493087557603687 0
1626429213797 0.967741935483871 0
1626429216770 0.9585253456221198 0
1626429219771 0.967741935483871 0
1626429222746 0.9815668202764977 0
1626429225726 0.9493087557603687 0
1626429228691 0.967741935483871 0
1626429231715 0.9493087557603687 0
1626429234697 0.9723502304147466 0
1626429237673 0.9400921658986175 0
1626429240762 0.967741935483871 0
1626429243727 0.9539170506912442 0
1626429246710 0.9631336405529954 0
1626429249693 0.9631336405529954 0
1626429252861 0.9723502304147466 0
1626429255838 0.9400921658986175 0
1626429258791 0.9631336405529954 0
1626429261988 0.9723502304147466 0
1626429265178 0.9585253456221198 0
1626429268212 0.9815668202764977 0
1626429271178 0.9815668202764977 0
1626429274371 0.9861751152073732 0
1626429277568 0.9631336405529954 0
1626429280794 0.9769585253456221 0
1626429283981 0.9723502304147466 0
1626429286974 0.9585253456221198 0
1626429289978 0.9769585253456221 0
1626429292990 0.9861751152073732 0
1626429295950 0.9493087557603687 0
1626429298956 0.967741935483871 0
1626429301947 0.9815668202764977 0
1626429305008 0.9907834101382489 0
1626429307988 0.9815668202764977 0
1626429311005 0.9723502304147466 0
1626429313981 0.9631336405529954 0
1626429316964 0.9631336405529954 0
1626429319974 0.9815668202764977 0
1626429322962 0.9723502304147466 0
1626429325979 0.967741935483871 0
1626429328932 0.967741935483871 0
1626429331897 0.967741935483871 0
1626429334894 0.9631336405529954 0
1626429337883 0.9815668202764977 0
1626429340954 0.9861751152073732 0
1626429343961 0.9585253456221198 0
1626429346977 0.9907834101382489 0
1626429349995 0.967741935483871 0
1626429352961 0.9769585253456221 0
1626429356091 0.967741935483871 0
1626429359073 0.9769585253456221 0
1626429362066 0.9815668202764977 0
1626429365053 0.9861751152073732 0
1626429368048 0.9953917050691244 0
1626429371039 0.9723502304147466 0
1626429374045 0.9907834101382489 0
1626429377017 0.967741935483871 0
1626429379972 0.9861751152073732 0
1626429382999 0.9631336405529954 0
1626429386202 0.9861751152073732 0
1626429389160 0.9815668202764977 0
1626429392153 0.967741935483871 0
1626429395176 0.9631336405529954 0
1626429398172 0.9769585253456221 0
1626429401148 0.9815668202764977 0
1626429404107 0.9861751152073732 0
1626429407136 0.9861751152073732 0
1626429410134 0.9769585253456221 0
1626429413103 0.9907834101382489 0
1626429416086 0.9815668202764977 0
1626429419067 0.9907834101382489 0
1626429422055 0.9539170506912442 0
1626429425028 0.9815668202764977 0
1626429428025 0.9308755760368663 0
