1626428979315 0.7197843454949867 0
1626428982535 0.7046317774029921 0
1626428985529 0.698213160587346 0
1626428988488 0.6805019463811602 0
1626428991672 0.6642411971971187 0
1626428994671 0.6541477507709907 0
1626428997638 0.6242207255780972 0
1626429000625 0.6051319178348312 0
1626429003812 0.6026222118034891 0
1626429006986 0.5710932477827995 0
1626429010150 0.543740090411929 0
1626429013301 0.5203333458592815 0
1626429016501 0.5201338069504856 0
1626429019701 0.4856200933731097 0
1626429022907 0.49081329802214274 0
1626429026107 0.48376441386438185 0
1626429029085 0.4625866690538995 0
1626429032053 0.45554562798842857 0
1626429035021 0.42982143685565016 0
1626429038042 0.42297520752876033 0
1626429041033 0.4240864163719564 0
1626429044036 0.40756999155343404 0
1626429047095 0.39401676852582235 0
1626429050072 0.3561567223291793 0
1626429053051 0.3836432464661137 0
1626429056017 0.372065552918043 0
1626429058983 0.3712179707492002 0
1626429061941 0.34560196987494896 0
1626429064931 0.3700527795998182 0
1626429067946 0.33348445559976286 0
1626429070937 0.33553515436462544 0
1626429073903 0.3574737256847768 0
1626429076927 0.3042766264369411 0
1626429079898 0.3109650943548449 0
1626429082867 0.30102128216198515 0
1626429085833 0.3107769791431691 0
1626429088815 0.28189715547358385 0
1626429091803 0.3154061637166458 0
1626429094801 0.27661781061080193 0
1626429097782 0.25558508211566555 0
1626429100782 0.26217225193977356 0
1626429103910 0.29314234646783993 0
1626429106977 0.2584678391295095 0
1626429110180 0.276646816030076 0
1626429113146 0.29278350714164947 0
1626429116165 0.2500590482889782 0
1626429119145 0.24512702954529617 0
1626429122125 0.25009804236174726 0
1626429125092 0.23910720323637333 0
1626429128083 0.23863855031778186 0
1626429131089 0.2226157123180029 0
1626429134114 0.2427091509241113 0
1626429137087 0.21227252236159716 0
1626429140040 0.2653799037779531 0
1626429143033 0.2509866506547972 0
1626429146043 0.20959699057763623 0
1626429149035 0.21439752284832264 0
1626429152015 0.1970987896765432 0
1626429155222 0.1901515826308233 0
1626429158415 0.2197054951421676 0
1626429161608 0.2511324003544821 0
1626429164826 0.2147515571337142 0
1626429167993 0.24139246303364978 0
1626429171200 0.19177562822394656 0
1626429174387 0.22201436840444116 0
1626429177371 0.18865058416595107 0
1626429180357 0.16605887311394862 0
1626429183354 0.16539717201263673 0
1626429186309 0.2069419571606245 0
1626429189293 0.1613482448362535 0
1626429192268 0.1835114889979912 0
1626429195260 0.1716432238538419 0
1626429198451 0.20838213749744924 0
1626429201415 0.17396543940640816 0
1626429204616 0.16005170626849075 0
1626429207819 0.16838315870904702 0
1626429210783 0.16587450152717978 0
1626429213796 0.15707906435162242 0
1626429216769 0.1521674205081254 0
1626429219769 0.16995485295211116 0
1626429222744 0.15320625719249523 0
1626429225724 0.17058024126263807 0
1626429228689 0.1288494058468375 0
1626429231713 0.1497789479208432 0
1626429234695 0.1435978988073938 0
1626429237671 0.16734683664713038 0
1626429240759 0.1563146292888624 0
1626429243726 0.16473363065225188 0
1626429246708 0.1432464990747689 0
1626429249691 0.14582343406391585 0
1626429252860 0.13039984935165 0
1626429255836 0.16682953651874297 0
1626429258789 0.1408395900086324 0
1626429261986 0.11873457405699013 0
1626429265176 0.14178787590721237 0
1626429268211 0.10514221391919572 0
1626429271177 0.10531625391975526 0
1626429274370 0.09537126192574127 0
1626429277566 0.11750224280741907 0
1626429280793 0.11740338513928075 0
1626429283979 0.1291733976402041 0
1626429286972 0.13504699724061148 0
1626429289977 0.11818301052816453 0
1626429292987 0.09873431268650266 0
1626429295949 0.13430314129948068 0
1626429298955 0.11617931922734608 0
1626429301944 0.09386076307791169 0
1626429305007 0.10757180952256726 0
1626429307987 0.10052904479789294 0
1626429311002 0.10805187820701555 0
1626429313979 0.11622774168368309 0
1626429316963 0.10678528427803022 0
1626429319972 0.1087314280325092 0
1626429322961 0.10785096286353978 0
1626429325977 0.13078272370149463 0
1626429328931 0.11840898986510967 0
1626429331895 0.11246707390839328 0
1626429334892 0.13622187840224412 0
1626429337882 0.09452512190775937 0
1626429340952 0.10036508127840983 0
1626429343959 0.11173424989946427 0
1626429346976 0.09730801309034022 0
1626429349993 0.12027209962842651 0
1626429352959 0.10007720650066429 0
1626429356089 0.11567858980822673 0
1626429359071 0.11421323275785841 0
1626429362064 0.09298144754726216 0
1626429365052 0.10467235022975553 0
1626429368047 0.0943682459504923 0
1626429371037 0.1044203476971745 0
1626429374042 0.08989610121272126 0
1626429377015 0.10285143591978584 0
1626429379971 0.09151941579058423 0
1626429382997 0.13114872822014417 0
1626429386200 0.08763381883433338 0
1626429389157 0.09332270940877326 0
1626429392152 0.11652511682721876 0
1626429395175 0.13091771400743915 0
1626429398170 0.09196864562924556 0
1626429401146 0.09340656747878422 0
1626429404106 0.0900887561455575 0
1626429407135 0.07967921313808261 0
1626429410132 0.08931116780377753 0
1626429413101 0.07641367882078144 0
1626429416083 0.08642328430980031 0
1626429419066 0.08842698714700163 0
1626429422053 0.1065568446014334 0
1626429425027 0.08751619040691358 0
1626429428023 0.17561732253171333 0
