1626426573508 0.7544894885906975 0
1626426575144 0.7172836455331969 0
1626426576778 0.7058386635121112 0
1626426578442 0.6899626172632666 0
1626426580077 0.6527364602836047 0
1626426581709 0.641245320095994 0
1626426583331 0.589438087929229 0
1626426585007 0.5748268956412917 0
1626426586730 0.5642343229412483 0
1626426588330 0.5492575473499738 0
1626426590091 0.5114039795189959 0
1626426591806 0.4912274521067395 0
1626426593591 0.4849328496214432 0
1626426595378 0.43988514083871094 0
1626426597160 0.4590612302452738 0
1626426598984 0.42874437282162325 0
1626426600759 0.43257769351730696 0
1626426602406 0.43453157469973586 0
1626426604052 0.4089217370006895 0
1626426605684 0.40304167012465164 0
1626426607321 0.3822437516555259 0
1626426608973 0.3711571880199942 0
1626426610608 0.3753268948073761 0
1626426612253 0.33116729550647295 0
1626426614053 0.35419158204909296 0
1626426615705 0.3272579460649446 0
1626426617341 0.3538388403879333 0
1626426619017 0.3066143525360916 0
1626426620640 0.3107277126081528 0
1626426622252 0.3027515580989249 0
1626426623930 0.30131121879349104 0
1626426625581 0.30291302852366925 0
1626426627238 0.2488102159604499 0
1626426628882 0.28442167919901656 0
1626426630656 0.2622920773271042 0
1626426632443 0.25489668802182247 0
1626426634103 0.23086272293384175 0
1626426635781 0.2767611371207347 0
1626426637405 0.23152235308275795 0
1626426639095 0.20424281685583054 0
1626426640699 0.2116830174549384 0
1626426642382 0.2533061552432276 0
1626426644005 0.2148250601670709 0
1626426645793 0.23571207679911144 0
1626426647582 0.24869569037367123 0
1626426649376 0.20864728642498842 0
1626426651169 0.20079501131163216 0
1626426652918 0.20067839736488008 0
1626426654551 0.202499053307942 0
1626426656351 0.183115054797467 0
1626426658172 0.18748823666627507 0
1626426659946 0.21531655711512412 0
1626426661741 0.1838801372710461 0
1626426663525 0.22144912087148236 0
1626426665308 0.19983949017826863 0
1626426667101 0.17040485425204177 0
1626426668719 0.1668481298718035 0
1626426670349 0.1488449342102499 0
1626426671991 0.15736835875681468 0
1626426673689 0.1643625444942905 0
1626426675342 0.22611656881147815 0
1626426676946 0.1819630916217505 0
1626426678586 0.18594636266819342 0
1626426680208 0.1380286588921525 0
1626426681987 0.18889279725364827 0
1626426683762 0.16116831036207313 0
1626426685563 0.1338171231719206 0
1626426687348 0.1391844057267712 0
1626426689002 0.17131348084744222 0
1626426690625 0.11054658879470165 0
1626426692399 0.1279078881312076 0
1626426694178 0.11965832862711173 0
1626426695957 0.16751463663193486 0
1626426697732 0.1286051859092053 0
1626426699503 0.1259862968723895 0
1626426701283 0.12814292888487538 0
1626426703071 0.12057690329266034 0
1626426704885 0.12350646049333608 0
1626426706511 0.11181525233703825 0
1626426708312 0.134490451196097 0
1626426709930 0.14404106898928568 0
1626426711571 0.1396838878431628 0
1626426713260 0.10028739163677813 0
1626426714921 0.11406346496349107 0
1626426716701 0.11462618458655573 0
1626426718329 0.13875590374667524 0
1626426719993 0.11348061812912813 0
1626426721595 0.1414381509071671 0
1626426723402 0.12865287614857546 0
1626426725121 0.0999544361769329 0
1626426726717 0.10267927985174864 0
1626426728380 0.13363217538402927 0
1626426730146 0.1010554108579862 0
1626426731822 0.06642610521360476 0
1626426733607 0.08766178196201677 0
1626426735233 0.07903298229185117 0
1626426736844 0.08824888283755922 0
1626426738502 0.07404261992274341 0
1626426740186 0.09084082664363945 0
1626426741955 0.08812463729886964 0
1626426743742 0.09924379063229408 0
1626426745538 0.10413282725118822 0
1626426747335 0.09033594203228774 0
1626426749138 0.07734216729067438 0
1626426750772 0.12910038732369924 0
1626426752393 0.08814167812861468 0
1626426754180 0.06314656753007168 0
1626426755834 0.08467849038438313 0
1626426757617 0.07873809562506763 0
1626426759401 0.06486096936127832 0
1626426761124 0.09660011866400318 0
1626426762763 0.08278024560570167 0
1626426764438 0.08644635307555375 0
1626426766083 0.07694633476745148 0
1626426767879 0.09492145774001899 0
1626426769497 0.08598747723285229 0
1626426771143 0.10386976272657444 0
1626426772781 0.0918275572290893 0
1626426774559 0.07191916589500717 0
1626426776382 0.07916775132928576 0
1626426778016 0.09564178564032103 0
1626426779808 0.09748953450385327 0
1626426781426 0.10966442753711055 0
1626426783194 0.07462842065480448 0
1626426784962 0.08450956546491192 0
1626426786611 0.10809944686801752 0
1626426788235 0.08035289307343794 0
1626426789921 0.09106272184354369 0
1626426791713 0.07780969527459913 0
1626426793493 0.08237759882266621 0
1626426795129 0.06744583754495542 0
1626426796761 0.08243543716482303 0
1626426798355 0.07395344033562642 0
1626426800029 0.09674094284322404 0
1626426801779 0.07025322874295546 0
1626426803558 0.07483710547746052 0
1626426805194 0.08421043069681264 0
1626426806930 0.12644329131473594 0
1626426808585 0.08082626251855754 0
1626426810203 0.09104654152581494 0
1626426811817 0.06151670701630105 0
1626426813464 0.06775283919913429 0
1626426815094 0.07640062907736422 0
1626426816728 0.061845906147484406 0
1626426818515 0.07260890658687337 0
1626426820175 0.09169477971124759 0
1626426821828 0.09502939804358417 0
1626426823514 0.061879281143438984 0
1626426825315 0.14160204318261915 0
