1626426573509 0.45161290322580644 0
1626426575145 0.5023041474654378 0
1626426576780 0.5207373271889401 0
1626426578443 0.543778801843318 0
1626426580078 0.5529953917050692 0
1626426581710 0.5668202764976958 0
1626426583333 0.7188940092165899 0
1626426585009 0.7327188940092166 0
1626426586732 0.7603686635944701 0
1626426588332 0.7649769585253456 0
1626426590093 0.7926267281105991 0
1626426591808 0.8110599078341014 0
1626426593593 0.7880184331797235 0
1626426595380 0.8571428571428571 0
1626426597161 0.815668202764977 0
1626426598987 0.8387096774193549 0
1626426600760 0.8433179723502304 0
1626426602407 0.8110599078341014 0
1626426604053 0.8433179723502304 0
1626426605685 0.8433179723502304 0
1626426607323 0.8663594470046083 0
1626426608975 0.8294930875576036 0
1626426610610 0.8525345622119815 0
1626426612254 0.8571428571428571 0
1626426614055 0.8940092165898618 0
1626426615706 0.9032258064516129 0
1626426617342 0.8663594470046083 0
1626426619018 0.8847926267281105 0
1626426620641 0.8755760368663594 0
1626426622253 0.880184331797235 0
1626426623933 0.8894009216589862 0
1626426625582 0.9032258064516129 0
1626426627239 0.9493087557603687 0
1626426628884 0.9078341013824884 0
1626426630658 0.9078341013824884 0
1626426632445 0.9170506912442397 0
1626426634105 0.9308755760368663 0
1626426635782 0.8894009216589862 0
1626426637406 0.9354838709677419 0
1626426639096 0.9354838709677419 0
1626426640700 0.9308755760368663 0
1626426642384 0.9124423963133641 0
1626426644006 0.9262672811059908 0
1626426645794 0.9170506912442397 0
1626426647583 0.9124423963133641 0
1626426649378 0.9170506912442397 0
1626426651170 0.9354838709677419 0
1626426652919 0.9354838709677419 0
1626426654553 0.9308755760368663 0
1626426656354 0.9354838709677419 0
1626426658173 0.9354838709677419 0
1626426659948 0.9262672811059908 0
1626426661742 0.9124423963133641 0
1626426663527 0.9262672811059908 0
1626426665310 0.9493087557603687 0
1626426667103 0.9493087557603687 0
1626426668720 0.9447004608294931 0
1626426670351 0.9539170506912442 0
1626426671993 0.9585253456221198 0
1626426673690 0.9447004608294931 0
1626426675343 0.9262672811059908 0
1626426676948 0.9400921658986175 0
1626426678587 0.9400921658986175 0
1626426680210 0.9585253456221198 0
1626426681988 0.9262672811059908 0
1626426683763 0.9354838709677419 0
1626426685565 0.9723502304147466 0
1626426687350 0.9585253456221198 0
1626426689003 0.9308755760368663 0
1626426690626 0.9769585253456221 0
1626426692401 0.9631336405529954 0
1626426694179 0.9769585253456221 0
1626426695959 0.9400921658986175 0
1626426697733 0.967741935483871 0
1626426699504 0.9723502304147466 0
1626426701284 0.967741935483871 0
1626426703073 0.967741935483871 0
1626426704886 0.9631336405529954 0
1626426706512 0.9769585253456221 0
1626426708313 0.9539170506912442 0
1626426709931 0.9493087557603687 0
1626426711573 0.9631336405529954 0
1626426713262 0.9631336405529954 0
1626426714922 0.9631336405529954 0
1626426716703 0.9815668202764977 0
1626426718330 0.9539170506912442 0
1626426719994 0.9539170506912442 0
1626426721596 0.9539170506912442 0
1626426723403 0.9585253456221198 0
1626426725123 0.9723502304147466 0
1626426726718 0.967741935483871 0
1626426728382 0.9447004608294931 0
1626426730148 0.9723502304147466 0
1626426731824 0.9953917050691244 0
1626426733608 0.9769585253456221 0
1626426735234 0.9769585253456221 0
1626426736846 0.9769585253456221 0
1626426738503 0.9815668202764977 0
1626426740188 0.9723502304147466 0
1626426741956 0.9815668202764977 0
1626426743743 0.9631336405529954 0
1626426745539 0.9723502304147466 0
1626426747336 0.9769585253456221 0
1626426749140 0.9815668202764977 0
1626426750774 0.9631336405529954 0
1626426752394 0.967741935483871 0
1626426754182 0.9907834101382489 0
1626426755835 0.9769585253456221 0
1626426757619 0.9953917050691244 0
1626426759402 0.9907834101382489 0
1626426761126 0.9769585253456221 0
1626426762765 0.9769585253456221 0
1626426764439 0.9815668202764977 0
1626426766085 0.9861751152073732 0
1626426767881 0.967741935483871 0
1626426769498 0.9861751152073732 0
1626426771145 0.967741935483871 0
1626426772783 0.9815668202764977 0
1626426774560 0.9861751152073732 0
1626426776384 0.9907834101382489 0
1626426778017 0.9585253456221198 0
1626426779810 0.967741935483871 0
1626426781427 0.9769585253456221 0
1626426783196 0.9815668202764977 0
1626426784963 0.967741935483871 0
1626426786614 0.9585253456221198 0
1626426788236 0.967741935483871 0
1626426789923 0.967741935483871 0
1626426791715 0.9769585253456221 0
1626426793494 0.9769585253456221 0
1626426795131 0.9907834101382489 0
1626426796762 0.9723502304147466 0
1626426798356 0.9861751152073732 0
1626426800031 0.9815668202764977 0
1626426801780 0.9815668202764977 0
1626426803559 0.9815668202764977 0
1626426805196 0.967741935483871 0
1626426806932 0.9539170506912442 0
1626426808587 0.9769585253456221 0
1626426810204 0.967741935483871 0
1626426811819 0.9953917050691244 0
1626426813466 0.9861751152073732 0
1626426815095 0.9723502304147466 0
1626426816730 0.9907834101382489 0
1626426818516 0.9769585253456221 0
1626426820176 0.9769585253456221 0
1626426821830 0.9631336405529954 0
1626426823515 0.9907834101382489 0
1626426825316 0.9539170506912442 0
