1626427033395 0.7351416365891558 0
1626427034628 0.7084650628028377 0
1626427035884 0.6948717343642415 0
1626427037107 0.6999898352381271 0
1626427038318 0.6795363423461738 0
1626427039538 0.6252022344395861 0
1626427040757 0.6323639536233542 0
1626427041975 0.5929046756660883 0
1626427043206 0.6005461671934699 0
1626427044426 0.56578913839182 0
1626427045641 0.5466048720245538 0
1626427046887 0.5371262324021159 0
1626427048126 0.5044558699229895 0
1626427049341 0.5044776355066607 0
1626427050577 0.48879104001181467 0
1626427051799 0.4918672884664228 0
1626427053006 0.4738445328677305 0
1626427054230 0.5008775723694656 0
1626427055439 0.47706391020304595 0
1626427056660 0.4798649612659683 0
1626427057878 0.45146129290629095 0
1626427059097 0.4540074495126575 0
1626427060325 0.45660553659711567 0
1626427061545 0.4121248554524189 0
1626427062777 0.40732167448316303 0
1626427064000 0.44549716315511184 0
1626427065226 0.44687171438322637 0
1626427066438 0.3473838640522847 0
1626427067660 0.43569318654899775 0
1626427068876 0.3343957207993978 0
1626427070111 0.32064707817569854 0
1626427071314 0.3893699161193338 0
1626427072531 0.3184507942419448 0
1626427073752 0.36194262293077284 0
1626427074973 0.3768213593190716 0
1626427076188 0.3497795860888222 0
1626427077407 0.30670644658776475 0
1626427078635 0.3601186382605733 0
1626427079868 0.32110995802736503 0
1626427081084 0.29131807270137944 0
1626427082300 0.323180285192305 0
1626427083504 0.2944413949542331 0
1626427084725 0.2650701343189187 0
1626427085935 0.3135788489459297 0
1626427087155 0.3396424071580034 0
1626427088372 0.29220801166125704 0
1626427089630 0.3018168701279548 0
1626427090889 0.2569197511068687 0
1626427092123 0.2685937005253981 0
1626427093353 0.30143264444192985 0
1626427094586 0.2774081269991563 0
1626427095801 0.23981710101052914 0
1626427097027 0.24087040297996065 0
1626427098243 0.2892116816362478 0
1626427099465 0.2588991781670926 0
1626427100689 0.2525612288905728 0
1626427101915 0.280584860919258 0
1626427103140 0.2166849196918549 0
1626427104352 0.21838247700495653 0
1626427105561 0.323019668803237 0
1626427106785 0.30161762265016406 0
1626427108007 0.3570821062760419 0
1626427109210 0.323098533095852 0
1626427110424 0.2669969507351449 0
1626427111639 0.26055309739530363 0
1626427112850 0.24033053404724544 0
1626427114061 0.20325107405537285 0
1626427115273 0.2140377210581907 0
1626427116498 0.22759163475805713 0
1626427117722 0.22517737849242128 0
1626427118930 0.2534191748513604 0
1626427120145 0.23919534902968165 0
1626427121367 0.24437316345729038 0
1626427122582 0.20327789758756962 0
1626427123807 0.2105653512587745 0
1626427125020 0.2193148160173047 0
1626427126232 0.17410411534633505 0
1626427127464 0.20024506466179948 0
1626427128684 0.18131273057878292 0
1626427129915 0.20425411413342173 0
1626427131137 0.20522778477811593 0
1626427132361 0.235289186925932 0
1626427133572 0.19353595685024966 0
1626427134827 0.21655641798324848 0
1626427136031 0.19769931182883302 0
1626427137270 0.21357689533502824 0
1626427138485 0.22478139956700638 0
1626427139705 0.2583959381769879 0
1626427140920 0.20207909669744253 0
1626427142156 0.18098114053225187 0
1626427143356 0.19417811751640338 0
1626427144584 0.2137844617465674 0
1626427145807 0.2124334463188725 0
1626427147034 0.18444898868760756 0
1626427148246 0.15706350286984774 0
1626427149479 0.15771398126804334 0
1626427150698 0.14146234342304792 0
1626427151904 0.1349699898421215 0
1626427153124 0.15805067005245366 0
1626427154399 0.18207220101411442 0
1626427155608 0.22803865936219966 0
1626427156857 0.20122350051930424 0
1626427158095 0.16000876380001894 0
1626427159344 0.14819255114151036 0
1626427160572 0.21694528424794773 0
1626427161784 0.15008433192350348 0
1626427162997 0.16589167096098448 0
1626427164227 0.16917882688034513 0
1626427165471 0.1607679731216848 0
1626427166703 0.15473720918877334 0
1626427167954 0.18660536583530188 0
1626427169175 0.152688379386603 0
1626427170381 0.1427858415561887 0
1626427171586 0.19257369185991002 0
1626427172817 0.1292353244970471 0
1626427174036 0.1908875682867617 0
1626427175249 0.16298104841519612 0
1626427176460 0.24946180507884047 0
1626427177679 0.17504679332680417 0
1626427178907 0.16001278711354128 0
1626427180126 0.17332009895605974 0
1626427181347 0.15649240439937961 0
1626427182556 0.20286762001945677 0
1626427183779 0.16101183261602156 0
1626427185012 0.14624422524244554 0
1626427186229 0.1835594515097306 0
1626427187450 0.1701426514282754 0
1626427188674 0.18750562838145665 0
1626427189887 0.140572367622281 0
1626427191106 0.15123762966301035 0
1626427192326 0.14616854845928157 0
1626427193534 0.1698698026518668 0
1626427194732 0.1658060747769571 0
1626427195952 0.20868771677742357 0
1626427197173 0.14551844719093515 0
1626427198380 0.16132709864647157 0
1626427199618 0.21544513259134535 0
1626427200841 0.14384874900639882 0
1626427202056 0.14645200088826194 0
1626427203277 0.16152648057805777 0
1626427204486 0.18202723363577494 0
1626427205695 0.15564257792338798 0
1626427206911 0.15236151877636184 0
1626427208138 0.10403518952120284 0
1626427209365 0.13572157782069 0
1626427210576 0.1672220701171506 0
1626427211792 0.20938760728880007 0
1626427213003 0.13394201976088335 0
1626427214239 0.25086303625238654 0
