1626427033396 0.5161290322580645 0
1626427034630 0.543778801843318 0
1626427035886 0.6405529953917051 0
1626427037108 0.5483870967741935 0
1626427038319 0.5668202764976958 0
1626427039540 0.6221198156682027 0
1626427040758 0.6082949308755761 0
1626427041977 0.6866359447004609 0
1626427043208 0.6820276497695853 0
1626427044427 0.7004608294930875 0
1626427045643 0.7419354838709677 0
1626427046888 0.7603686635944701 0
1626427048127 0.7741935483870968 0
1626427049342 0.7511520737327189 0
1626427050579 0.7603686635944701 0
1626427051800 0.7741935483870968 0
1626427053007 0.7465437788018433 0
1626427054231 0.7603686635944701 0
1626427055441 0.7926267281105991 0
1626427056661 0.7972350230414746 0
1626427057879 0.7880184331797235 0
1626427059099 0.7926267281105991 0
1626427060327 0.7972350230414746 0
1626427061547 0.815668202764977 0
1626427062779 0.8294930875576036 0
1626427064003 0.8294930875576036 0
1626427065227 0.783410138248848 0
1626427066439 0.8755760368663594 0
1626427067662 0.8387096774193549 0
1626427068878 0.8663594470046083 0
1626427070112 0.8847926267281105 0
1626427071315 0.8663594470046083 0
1626427072533 0.8986175115207373 0
1626427073753 0.8617511520737328 0
1626427074974 0.8341013824884793 0
1626427076189 0.8617511520737328 0
1626427077409 0.880184331797235 0
1626427078636 0.8387096774193549 0
1626427079869 0.8387096774193549 0
1626427081086 0.8940092165898618 0
1626427082302 0.8663594470046083 0
1626427083505 0.8847926267281105 0
1626427084727 0.8847926267281105 0
1626427085936 0.8525345622119815 0
1626427087156 0.880184331797235 0
1626427088373 0.8525345622119815 0
1626427089632 0.8571428571428571 0
1626427090890 0.9216589861751152 0
1626427092124 0.8847926267281105 0
1626427093355 0.8663594470046083 0
1626427094587 0.8847926267281105 0
1626427095802 0.9170506912442397 0
1626427097029 0.9262672811059908 0
1626427098245 0.8663594470046083 0
1626427099466 0.9124423963133641 0
1626427100690 0.880184331797235 0
1626427101916 0.880184331797235 0
1626427103142 0.9262672811059908 0
1626427104353 0.9170506912442397 0
1626427105563 0.8525345622119815 0
1626427106786 0.8663594470046083 0
1626427108008 0.815668202764977 0
1626427109211 0.8571428571428571 0
1626427110426 0.8940092165898618 0
1626427111641 0.880184331797235 0
1626427112851 0.9078341013824884 0
1626427114062 0.9124423963133641 0
1626427115274 0.9262672811059908 0
1626427116500 0.8940092165898618 0
1626427117723 0.9124423963133641 0
1626427118931 0.9124423963133641 0
1626427120146 0.8894009216589862 0
1626427121368 0.8940092165898618 0
1626427122584 0.9078341013824884 0
1626427123809 0.9262672811059908 0
1626427125021 0.9078341013824884 0
1626427126233 0.9400921658986175 0
1626427127465 0.9124423963133641 0
1626427128685 0.9354838709677419 0
1626427129917 0.9262672811059908 0
1626427131138 0.9308755760368663 0
1626427132362 0.9170506912442397 0
1626427133574 0.9262672811059908 0
1626427134828 0.9078341013824884 0
1626427136033 0.9170506912442397 0
1626427137271 0.9447004608294931 0
1626427138487 0.9308755760368663 0
1626427139707 0.8940092165898618 0
1626427140922 0.9216589861751152 0
1626427142158 0.9308755760368663 0
1626427143357 0.9400921658986175 0
1626427144586 0.9308755760368663 0
1626427145809 0.9124423963133641 0
1626427147035 0.9493087557603687 0
1626427148248 0.9354838709677419 0
1626427149480 0.9400921658986175 0
1626427150700 0.9447004608294931 0
1626427151906 0.9447004608294931 0
1626427153125 0.9447004608294931 0
1626427154400 0.9354838709677419 0
1626427155610 0.9170506912442397 0
1626427156858 0.9032258064516129 0
1626427158096 0.9308755760368663 0
1626427159347 0.9585253456221198 0
1626427160573 0.9032258064516129 0
1626427161785 0.9354838709677419 0
1626427162998 0.9262672811059908 0
1626427164228 0.9262672811059908 0
1626427165473 0.9400921658986175 0
1626427166705 0.9400921658986175 0
1626427167956 0.9078341013824884 0
1626427169176 0.9447004608294931 0
1626427170382 0.9308755760368663 0
1626427171588 0.9124423963133641 0
1626427172819 0.9585253456221198 0
1626427174037 0.9124423963133641 0
1626427175250 0.9308755760368663 0
1626427176461 0.880184331797235 0
1626427177680 0.9493087557603687 0
1626427178908 0.9539170506912442 0
1626427180127 0.9262672811059908 0
1626427181348 0.9354838709677419 0
1626427182557 0.9262672811059908 0
1626427183781 0.9308755760368663 0
1626427185013 0.9447004608294931 0
1626427186231 0.9216589861751152 0
1626427187451 0.9262672811059908 0
1626427188675 0.9262672811059908 0
1626427189889 0.9493087557603687 0
1626427191108 0.9354838709677419 0
1626427192327 0.9585253456221198 0
1626427193535 0.9262672811059908 0
1626427194734 0.9308755760368663 0
1626427195954 0.9032258064516129 0
1626427197175 0.9400921658986175 0
1626427198381 0.9447004608294931 0
1626427199619 0.9170506912442397 0
1626427200842 0.9493087557603687 0
1626427202058 0.9400921658986175 0
1626427203279 0.9400921658986175 0
1626427204488 0.9354838709677419 0
1626427205697 0.9447004608294931 0
1626427206913 0.9262672811059908 0
1626427208140 0.9769585253456221 0
1626427209367 0.9447004608294931 0
1626427210578 0.9354838709677419 0
1626427211793 0.9170506912442397 0
1626427213004 0.9539170506912442 0
1626427214240 0.8986175115207373 0
