1626665726962 0.5069124423963134 0
1626665735516 0.6175115207373272 0
1626665744027 0.6728110599078341 0
1626665752299 0.695852534562212 0
1626665760614 0.7235023041474654 0
1626665768901 0.7419354838709677 0
1626665777197 0.7465437788018433 0
1626665785495 0.7465437788018433 0
1626665793785 0.7465437788018433 0
1626665802083 0.7926267281105991 0
1626665810395 0.7972350230414746 0
1626665818686 0.7603686635944701 0
1626665827036 0.8202764976958525 0
1626665835358 0.7926267281105991 0
1626665843645 0.8064516129032258 0
1626665851934 0.8387096774193549 0
1626665860231 0.8064516129032258 0
1626665868511 0.8202764976958525 0
1626665876800 0.7972350230414746 0
1626665885118 0.8341013824884793 0
1626665893423 0.8294930875576036 0
1626665901956 0.8571428571428571 0
1626665910467 0.7741935483870968 0
1626665918991 0.8894009216589862 0
1626665927273 0.8663594470046083 0
1626665935576 0.8617511520737328 0
1626665943881 0.8755760368663594 0
1626665952160 0.8986175115207373 0
1626665960443 0.847926267281106 0
1626665968725 0.8433179723502304 0
1626665977059 0.8663594470046083 0
1626665985353 0.8709677419354839 0
1626665993659 0.8663594470046083 0
1626666001949 0.8894009216589862 0
1626666010243 0.8894009216589862 0
1626666018544 0.9400921658986175 0
1626666027088 0.8940092165898618 0
1626666035654 0.8894009216589862 0
1626666043950 0.9078341013824884 0
1626666052251 0.8986175115207373 0
1626666060786 0.9124423963133641 0
1626666069316 0.9124423963133641 0
1626666077739 0.8894009216589862 0
1626666086065 0.9170506912442397 0
1626666094367 0.8525345622119815 0
1626666102702 0.8986175115207373 0
1626666111000 0.880184331797235 0
1626666119530 0.8894009216589862 0
1626666127821 0.8755760368663594 0
1626666136115 0.9170506912442397 0
1626666144429 0.8709677419354839 0
1626666152719 0.8709677419354839 0
1626666161005 0.9078341013824884 0
1626666169305 0.8525345622119815 0
1626666177852 0.8755760368663594 0
1626666186388 0.9032258064516129 0
1626666194928 0.9078341013824884 0
1626666203476 0.8940092165898618 0
1626666211804 0.8709677419354839 0
1626666220114 0.9400921658986175 0
1626666228468 0.8387096774193549 0
1626666236758 0.8755760368663594 0
1626666245070 0.8847926267281105 0
1626666253404 0.9124423963133641 0
1626666261754 0.8847926267281105 0
1626666270089 0.880184331797235 0
1626666278472 0.9170506912442397 0
1626666286994 0.9493087557603687 0
1626666295521 0.8894009216589862 0
1626666303826 0.8755760368663594 0
1626666312135 0.9170506912442397 0
1626666320449 0.9124423963133641 0
1626666328795 0.8847926267281105 0
1626666337335 0.9400921658986175 0
1626666345636 0.9308755760368663 0
1626666353920 0.9078341013824884 0
1626666362210 0.9585253456221198 0
1626666370520 0.8894009216589862 0
1626666378835 0.9400921658986175 0
1626666387134 0.9262672811059908 0
1626666395438 0.8894009216589862 0
1626666403784 0.9308755760368663 0
1626666412093 0.9032258064516129 0
1626666420398 0.9124423963133641 0
1626666428732 0.9216589861751152 0
1626666437053 0.8433179723502304 0
1626666445453 0.8387096774193549 0
1626666453738 0.880184331797235 0
1626666462040 0.9078341013824884 0
1626666470339 0.9262672811059908 0
1626666478624 0.8847926267281105 0
1626666487045 0.8755760368663594 0
1626666495328 0.8847926267281105 0
1626666503634 0.9078341013824884 0
1626666511946 0.9078341013824884 0
1626666520297 0.9308755760368663 0
1626666528717 0.9262672811059908 0
1626666537028 0.9078341013824884 0
1626666545350 0.9170506912442397 0
1626666553678 0.9124423963133641 0
1626666562009 0.9354838709677419 0
1626666570304 0.9124423963133641 0
1626666578606 0.9124423963133641 0
1626666586912 0.9170506912442397 0
1626666595215 0.9078341013824884 0
1626666603537 0.9124423963133641 0
1626666611869 0.8940092165898618 0
1626666620166 0.9262672811059908 0
1626666628710 0.9400921658986175 0
1626666636986 0.9170506912442397 0
1626666645307 0.9170506912442397 0
1626666653602 0.9032258064516129 0
1626666662144 0.9170506912442397 0
1626666670415 0.9216589861751152 0
1626666678739 0.9078341013824884 0
1626666687010 0.880184331797235 0
1626666695318 0.9447004608294931 0
1626666703582 0.9124423963133641 0
1626666711852 0.9400921658986175 0
1626666720153 0.9124423963133641 0
1626666728696 0.9216589861751152 0
1626666737253 0.8617511520737328 0
1626666745639 0.8894009216589862 0
1626666753963 0.9216589861751152 0
1626666762491 0.9124423963133641 0
1626666770772 0.9078341013824884 0
1626666779083 0.9124423963133641 0
1626666787408 0.9216589861751152 0
1626666795721 0.8986175115207373 0
1626666804048 0.8986175115207373 0
1626666812338 0.9078341013824884 0
1626666820617 0.9170506912442397 0
1626666829153 0.9493087557603687 0
1626666837686 0.9078341013824884 0
1626666846005 0.9216589861751152 0
1626666854291 0.9493087557603687 0
1626666862569 0.8894009216589862 0
1626666870861 0.8986175115207373 0
1626666879172 0.8986175115207373 0
1626666887520 0.9493087557603687 0
1626666895846 0.9124423963133641 0
1626666904406 0.9170506912442397 0
1626666912722 0.9308755760368663 0
1626666921101 0.967741935483871 0
1626666929413 0.9262672811059908 0
1626666937721 0.9354838709677419 0
1626666946043 0.9124423963133641 0
1626666954392 0.9308755760368663 0
1626666962721 0.8847926267281105 0
