1626665726961 0.6899576928758402 0
1626665735514 0.6569078292714835 0
1626665744026 0.6337416114345673 0
1626665752297 0.5998379719971512 0
1626665760612 0.5680178153899408 0
1626665768900 0.5448347923393073 0
1626665777195 0.5329640504951301 0
1626665785493 0.49923384601619386 0
1626665793783 0.5081325074494709 0
1626665802081 0.47084562569719307 0
1626665810393 0.45691865133250364 0
1626665818683 0.4652269771022181 0
1626665827033 0.4032194240851336 0
1626665835356 0.43997635270044 0
1626665843643 0.4219640952101501 0
1626665851931 0.40585042639262114 0
1626665860229 0.457145784033059 0
1626665868509 0.38641324131170174 0
1626665876798 0.45209975849648226 0
1626665885116 0.40477143770538715 0
1626665893422 0.38194690514270063 0
1626665901955 0.3624479122425554 0
1626665910465 0.4433794922543012 0
1626665918989 0.30021925016482304 0
1626665927271 0.3261061100641154 0
1626665935574 0.321701355930847 0
1626665943880 0.31150861448406625 0
1626665952158 0.2666747034420066 0
1626665960442 0.3381976350661247 0
1626665968723 0.31975017604739986 0
1626665977057 0.33224667560669685 0
1626665985351 0.3081373484453298 0
1626665993658 0.34270027801737807 0
1626666001946 0.29018959540375916 0
1626666010242 0.2649032223609186 0
1626666018542 0.21708693605963536 0
1626666027085 0.2844616489201647 0
1626666035652 0.291756982902228 0
1626666043949 0.24581673919879896 0
1626666052250 0.21765162318532918 0
1626666060784 0.22913138231923502 0
1626666069315 0.24299459248643868 0
1626666077737 0.28705060179881786 0
1626666086064 0.23012004057932559 0
1626666094365 0.2821524685703664 0
1626666102701 0.2501430345295761 0
1626666110998 0.26145660314142427 0
1626666119529 0.2579528259516861 0
1626666127820 0.27813190922209746 0
1626666136114 0.20103151045636647 0
1626666144428 0.28420950479221785 0
1626666152717 0.2798730607406335 0
1626666161004 0.21572598622691247 0
1626666169304 0.3147924723713079 0
1626666177850 0.27978050447828756 0
1626666186386 0.23614525712580176 0
1626666194925 0.21923442466467757 0
1626666203474 0.23851124495954557 0
1626666211802 0.28658109079308225 0
1626666220113 0.19546736701292924 0
1626666228466 0.32021053004924055 0
1626666236756 0.290421007415666 0
1626666245067 0.254882705239107 0
1626666253403 0.25393448831848286 0
1626666261752 0.27241812653255904 0
1626666270087 0.26415711009557347 0
1626666278469 0.1968004166530574 0
1626666286993 0.17542594643781811 0
1626666295520 0.24792186716734538 0
1626666303824 0.2577847964752654 0
1626666312133 0.2044182929300493 0
1626666320446 0.2052807691185156 0
1626666328794 0.27593399330218266 0
1626666337333 0.2246640018329093 0
1626666345633 0.18344024936175016 0
1626666353919 0.21915234220192728 0
1626666362208 0.17283043416414393 0
1626666370517 0.25619242144619814 0
1626666378832 0.17896737371172225 0
1626666387133 0.2036555401191184 0
1626666395436 0.22617493631652974 0
1626666403781 0.2035752209375531 0
1626666412091 0.2331153637802546 0
1626666420397 0.2598276434955509 0
1626666428729 0.23705522407035123 0
1626666437050 0.2651483277846042 0
1626666445452 0.33346161246299744 0
1626666453736 0.24914999216932304 0
1626666462038 0.219430746845386 0
1626666470337 0.2104799840856807 0
1626666478622 0.24039046335879558 0
1626666487043 0.26865469145884713 0
1626666495326 0.2870232454642722 0
1626666503632 0.23026811911763134 0
1626666511944 0.2174789636365829 0
1626666520295 0.20616778181994566 0
1626666528716 0.19219999228205 0
1626666537025 0.21546214516811107 0
1626666545347 0.18528688681839797 0
1626666553676 0.21312131365323397 0
1626666562008 0.17453175838092505 0
1626666570302 0.19490581668467016 0
1626666578603 0.20465416938478495 0
1626666586909 0.19287908008571045 0
1626666595214 0.20151150102988916 0
1626666603535 0.16739556962443936 0
1626666611868 0.2218931418959446 0
1626666620164 0.20563811173636792 0
1626666628709 0.15536243053075904 0
1626666636985 0.20716642454472556 0
1626666645305 0.21146991752809094 0
1626666653600 0.2613314511039839 0
1626666662142 0.20208843773411167 0
1626666670413 0.2228400363900145 0
1626666678737 0.19570811662805795 0
1626666687009 0.2584383792591535 0
1626666695316 0.17556548338331934 0
1626666703580 0.23317886511301664 0
1626666711850 0.15696018261294212 0
1626666720151 0.22090604860112414 0
1626666728694 0.18944477883901464 0
1626666737252 0.27406783916983185 0
1626666745637 0.25226308906682626 0
1626666753961 0.18085352382901626 0
1626666762489 0.20289729102965323 0
1626666770771 0.24157629378380313 0
1626666779081 0.19066706711795472 0
1626666787405 0.20180415200747653 0
1626666795720 0.2712157928998569 0
1626666804046 0.21019132428454912 0
1626666812336 0.20469523465029105 0
1626666820615 0.22224232375896472 0
1626666829151 0.16086962846567004 0
1626666837685 0.2619337211556149 0
1626666846004 0.17396198453441744 0
1626666854290 0.1483976893161299 0
1626666862568 0.23453691395746398 0
1626666870858 0.22883044808141648 0
1626666879169 0.2039458435801317 0
1626666887518 0.18912251767474936 0
1626666895843 0.18178378945122117 0
1626666904404 0.21435077605159603 0
1626666912719 0.18109358757871635 0
1626666921100 0.10535876363653192 0
1626666929410 0.171629997305057 0
1626666937720 0.16023145320778068 0
1626666946040 0.18836969906283962 0
1626666954390 0.17102532301630294 0
1626666962719 0.23357601141050663 0
