1626470403248 0.707484240081453 0
1626470406232 0.652669024357598 0
1626470409238 0.5800092264254522 0
1626470412210 0.5032091786235159 0
1626470415197 0.4423682685546611 0
1626470418206 0.37547299931950284 0
1626470421170 0.3505246216251004 0
1626470424185 0.29604412175817973 0
1626470427132 0.2938254272333488 0
1626470430102 0.21330182340150605 0
1626470433108 0.15408731262255373 0
1626470436294 0.15956141858056944 0
1626470439276 0.12601819943447817 0
1626470442253 0.0925946106730793 0
1626470445266 0.07996678215876428 0
1626470448275 0.0933278246787012 0
1626470451278 0.0694565748976123 0
1626470454276 0.07361422808763618 0
1626470457282 0.050663354489008126 0
1626470460304 0.06550723261925208 0
1626470463506 0.0360802455986571 0
1626470466532 0.04656355956801072 0
1626470469516 0.02811931547266753 0
1626470472502 0.027125402117654476 0
1626470475484 0.03184405614703482 0
1626470478458 0.019337910351940015 0
1626470481409 0.03641239333949331 0
1626470484359 0.014836842837434451 0
1626470487313 0.05301666163629101 0
1626470490302 0.010085643437038678 0
1626470493316 0.017222798633290463 0
1626470496494 0.04193711003571886 0
1626470499694 0.01485055932251539 0
1626470502879 0.020090892293205063 0
1626470506072 0.043614397537873086 0
1626470509293 0.03471015812614547 0
1626470512279 0.007838043748789514 0
1626470515257 0.032582448838355905 0
1626470518220 0.015278696463966939 0
1626470521211 0.021012283715715604 0
1626470524183 0.0040545587166113785 0
1626470527264 0.04016337389261076 0
1626470530249 0.002794793656756801 0
1626470533222 0.029430416732391315 0
1626470536210 0.013520135870417966 0
1626470539218 0.01430840948210334 0
1626470542211 0.031031481960299104 0
1626470545201 0.005742727336795649 0
1626470548149 0.03517464091700892 0
1626470551132 0.02506794935856272 0
1626470554359 0.005780196684430899 0
1626470557324 0.006921690729771814 0
1626470560301 0.0034999839257672085 0
1626470563259 0.05577879567246472 0
1626470566440 0.029540015530208134 0
1626470569620 0.004002052518616383 0
1626470572610 0.0022897775255976255 0
1626470575583 0.00169361598922738 0
1626470578573 0.026918808152804726 0
1626470581561 0.029722808417783672 0
1626470584536 0.04973187903586071 0
1626470587520 0.014503055625522192 0
1626470590686 0.022690735379403484 0
1626470593673 0.003983282277034381 0
1626470596673 0.009005034848573417 0
1626470599649 0.029803604576393344 0
1626470602685 0.0015849693595702129 0
1626470605659 0.004074702073695473 0
1626470608648 0.06352265475292085 0
1626470611598 0.002767122009970797 0
1626470614598 0.006295707915836627 0
1626470617556 0.012389294013382613 0
1626470620541 0.0064292544550541356 0
1626470623513 0.013777025009093438 0
1626470626443 0.005789442819410137 0
1626470629397 0.007831084001208506 0
1626470632364 0.004930118535546595 0
1626470635405 0.026584404953894924 0
1626470638377 0.003319738681689935 0
1626470641374 0.0057425533297545735 0
1626470644322 0.004778849089481709 0
1626470647317 0.014761215118768578 0
1626470650501 0.0034593340971889102 0
1626470653480 0.010970636307420682 0
1626470656490 0.00790942017544782 0
1626470659445 0.011155130676410165 0
1626470662623 0.01902107159555611 0
1626470665606 0.02061158555778696 0
1626470668807 0.014499963153891848 0
1626470671803 0.006069596723786422 0
1626470674788 0.007798844218535203 0
1626470677778 0.01827863723893697 0
1626470680820 0.026601451058608633 0
1626470684020 0.00842974098476534 0
1626470687207 0.003725829075545519 0
1626470690169 0.013771505399514848 0
1626470693180 0.0025065033118538815 0
1626470696162 0.0011687575392038798 0
1626470699153 0.014232153440439379 0
1626470702155 0.005026372622222154 0
1626470705250 0.011291935146155377 0
1626470708266 0.008483647227218623 0
1626470711344 0.004110881809412378 0
1626470714348 0.00566799245122391 0
1626470717591 0.018298939624715443 0
1626470720588 0.003612047791132845 0
1626470723578 0.0010490653723100637 0
1626470726797 0.0027257794624812523 0
1626470730015 0.002633008538597276 0
1626470733204 0.013482139407013852 0
1626470736417 0.015368662395810683 0
1626470739613 0.0025748376893351705 0
1626470742811 0.0023877675624130817 0
1626470746009 0.0022406440704614613 0
1626470748990 0.031060106193964383 0
1626470751959 0.013051511505768904 0
1626470754916 0.009789021334059383 0
1626470758113 0.003665452452874335 0
1626470761095 0.009765373397385702 0
1626470764119 0.012639018248826746 0
1626470767097 0.01294647934868039 0
1626470770311 0.007033711207026298 0
1626470773515 0.026318712992065754 0
1626470776697 0.014337692100743545 0
1626470779908 0.006415381546876359 0
1626470783097 0.0074183473938621135 0
1626470786094 0.0037239905331961916 0
1626470789154 0.00804813858604462 0
1626470792255 0.009257077312414548 0
1626470795226 0.008406923113477712 0
1626470798216 0.0023718775606237797 0
1626470801173 0.003927415142142673 0
1626470804124 0.0021900339588557245 0
1626470807180 0.007801310257776426 0
1626470810165 0.002752747403861191 0
1626470813131 0.0056278664395556476 0
1626470816125 0.015682192441518097 0
1626470819135 0.021191313793997534 0
1626470822145 0.00301438379466259 0
1626470825128 0.0028482924136633593 0
1626470828105 0.004883291260961632 0
1626470831097 0.0068067293011284035 0
1626470834075 0.012111460283336397 0
1626470837066 0.0014389764323341338 0
1626470840265 0.0018282716746188803 0
1626470843237 0.0019129278467676263 0
1626470846245 0.005613280597576348 0
1626470849238 0.010658276242671818 0
1626470852267 0.01879558945718449 0
