1626470403250 0.4838709677419355 0
1626470406234 0.5990783410138248 0
1626470409239 0.728110599078341 0
1626470412212 0.7926267281105991 0
1626470415199 0.8202764976958525 0
1626470418207 0.8617511520737328 0
1626470421171 0.8387096774193549 0
1626470424187 0.880184331797235 0
1626470427133 0.8894009216589862 0
1626470430104 0.9170506912442397 0
1626470433111 0.9539170506912442 0
1626470436297 0.9354838709677419 0
1626470439277 0.9493087557603687 0
1626470442254 0.9861751152073732 0
1626470445268 0.9815668202764977 0
1626470448277 0.9723502304147466 0
1626470451280 0.9815668202764977 0
1626470454278 0.9723502304147466 0
1626470457283 0.9815668202764977 0
1626470460305 0.9723502304147466 0
1626470463508 0.9907834101382489 0
1626470466533 0.9861751152073732 0
1626470469517 0.9907834101382489 0
1626470472503 0.9907834101382489 0
1626470475485 0.9861751152073732 0
1626470478460 0.9907834101382489 0
1626470481410 0.9815668202764977 0
1626470484360 0.9953917050691244 0
1626470487314 0.9769585253456221 0
1626470490303 1.0 0
1626470493319 0.9953917050691244 0
1626470496495 0.9861751152073732 0
1626470499696 0.9907834101382489 0
1626470502880 0.9861751152073732 0
1626470506073 0.9861751152073732 0
1626470509295 0.9861751152073732 0
1626470512280 0.9953917050691244 0
1626470515259 0.9907834101382489 0
1626470518221 0.9953917050691244 0
1626470521214 0.9953917050691244 0
1626470524184 1.0 0
1626470527265 0.9769585253456221 0
1626470530250 1.0 0
1626470533224 0.9861751152073732 0
1626470536211 1.0 0
1626470539220 0.9953917050691244 0
1626470542212 0.9861751152073732 0
1626470545203 1.0 0
1626470548150 0.9861751152073732 0
1626470551133 0.9907834101382489 0
1626470554360 1.0 0
1626470557325 1.0 0
1626470560302 1.0 0
1626470563260 0.9861751152073732 0
1626470566441 0.9907834101382489 0
1626470569622 1.0 0
1626470572612 1.0 0
1626470575585 1.0 0
1626470578574 0.9953917050691244 0
1626470581562 0.9953917050691244 0
1626470584538 0.9907834101382489 0
1626470587522 0.9953917050691244 0
1626470590688 0.9861751152073732 0
1626470593674 1.0 0
1626470596675 1.0 0
1626470599651 0.9907834101382489 0
1626470602687 1.0 0
1626470605660 1.0 0
1626470608651 0.9815668202764977 0
1626470611599 1.0 0
1626470614600 1.0 0
1626470617557 0.9907834101382489 0
1626470620542 1.0 0
1626470623514 0.9953917050691244 0
1626470626445 0.9953917050691244 0
1626470629398 1.0 0
1626470632367 1.0 0
1626470635407 0.9907834101382489 0
1626470638379 1.0 0
1626470641375 1.0 0
1626470644324 1.0 0
1626470647318 0.9953917050691244 0
1626470650503 1.0 0
1626470653481 0.9953917050691244 0
1626470656492 0.9953917050691244 0
1626470659447 0.9953917050691244 0
1626470662624 0.9861751152073732 0
1626470665607 0.9953917050691244 0
1626470668810 0.9907834101382489 0
1626470671804 0.9953917050691244 0
1626470674790 1.0 0
1626470677779 0.9953917050691244 0
1626470680822 0.9953917050691244 0
1626470684023 0.9953917050691244 0
1626470687208 1.0 0
1626470690170 0.9953917050691244 0
1626470693181 1.0 0
1626470696163 1.0 0
1626470699154 0.9953917050691244 0
1626470702156 1.0 0
1626470705252 0.9953917050691244 0
1626470708267 1.0 0
1626470711346 1.0 0
1626470714350 1.0 0
1626470717593 0.9907834101382489 0
1626470720589 1.0 0
1626470723579 1.0 0
1626470726799 1.0 0
1626470730017 1.0 0
1626470733205 0.9907834101382489 0
1626470736419 0.9953917050691244 0
1626470739614 1.0 0
1626470742812 1.0 0
1626470746011 1.0 0
1626470748991 0.9907834101382489 0
1626470751960 0.9953917050691244 0
1626470754918 0.9953917050691244 0
1626470758114 1.0 0
1626470761097 0.9953917050691244 0
1626470764121 0.9953917050691244 0
1626470767100 0.9953917050691244 0
1626470770312 0.9953917050691244 0
1626470773517 0.9907834101382489 0
1626470776699 0.9953917050691244 0
1626470779909 1.0 0
1626470783098 0.9953917050691244 0
1626470786096 1.0 0
1626470789155 1.0 0
1626470792257 1.0 0
1626470795228 0.9953917050691244 0
1626470798218 1.0 0
1626470801175 1.0 0
1626470804125 1.0 0
1626470807181 1.0 0
1626470810167 1.0 0
1626470813133 0.9953917050691244 0
1626470816126 0.9953917050691244 0
1626470819136 0.9861751152073732 0
1626470822147 1.0 0
1626470825130 1.0 0
1626470828106 1.0 0
1626470831098 0.9953917050691244 0
1626470834078 0.9907834101382489 0
1626470837068 1.0 0
1626470840267 1.0 0
1626470843238 1.0 0
1626470846246 1.0 0
1626470849239 0.9953917050691244 0
1626470852268 0.9953917050691244 0
