1626745050282 0.44239631336405527 0
1626745053294 0.5714285714285714 0
1626745056295 0.5161290322580645 0
1626745059506 0.5529953917050692 0
1626745062509 0.5990783410138248 0
1626745065520 0.6359447004608295 0
1626745068702 0.6543778801843319 0
1626745071904 0.7419354838709677 0
1626745075065 0.7142857142857143 0
1626745078046 0.7695852534562212 0
1626745081074 0.7880184331797235 0
1626745084143 0.8018433179723502 0
1626745087340 0.8248847926267281 0
1626745090308 0.8341013824884793 0
1626745093504 0.8341013824884793 0
1626745096712 0.8525345622119815 0
1626745099682 0.8755760368663594 0
1626745102670 0.847926267281106 0
1626745105671 0.8571428571428571 0
1626745108683 0.8571428571428571 0
1626745111909 0.8894009216589862 0
1626745115118 0.8433179723502304 0
1626745118146 0.8755760368663594 0
1626745121145 0.880184331797235 0
1626745124156 0.8663594470046083 0
1626745127156 0.8847926267281105 0
1626745130171 0.8709677419354839 0
1626745133194 0.8894009216589862 0
1626745136196 0.8709677419354839 0
1626745139170 0.8847926267281105 0
1626745142242 0.8986175115207373 0
1626745145215 0.8847926267281105 0
1626745148234 0.9308755760368663 0
1626745151216 0.8940092165898618 0
1626745154201 0.8986175115207373 0
1626745157186 0.9216589861751152 0
1626745160160 0.9262672811059908 0
1626745163187 0.8940092165898618 0
1626745166219 0.9216589861751152 0
1626745169218 0.9447004608294931 0
1626745172232 0.9262672811059908 0
1626745175235 0.9124423963133641 0
1626745178225 0.9308755760368663 0
1626745181214 0.9216589861751152 0
1626745184205 0.9078341013824884 0
1626745187228 0.9354838709677419 0
1626745190234 0.9447004608294931 0
1626745193229 0.9354838709677419 0
1626745196219 0.9493087557603687 0
1626745199267 0.9124423963133641 0
1626745202300 0.9447004608294931 0
1626745205285 0.9216589861751152 0
1626745208346 0.9447004608294931 0
1626745211335 0.9124423963133641 0
1626745214345 0.9262672811059908 0
1626745217356 0.9585253456221198 0
1626745220376 0.9308755760368663 0
1626745223371 0.9539170506912442 0
1626745226376 0.9447004608294931 0
1626745229354 0.9308755760368663 0
1626745232336 0.9354838709677419 0
1626745235338 0.9078341013824884 0
1626745238323 0.9262672811059908 0
1626745241336 0.9262672811059908 0
1626745244311 0.9216589861751152 0
1626745247321 0.9447004608294931 0
1626745250306 0.967741935483871 0
1626745253314 0.9631336405529954 0
1626745256380 0.9493087557603687 0
1626745259578 0.9493087557603687 0
1626745262787 0.9493087557603687 0
1626745265998 0.9447004608294931 0
1626745269021 0.9447004608294931 0
1626745272011 0.9354838709677419 0
1626745275067 0.9723502304147466 0
1626745278065 0.9539170506912442 0
1626745281122 0.9539170506912442 0
1626745284170 0.967741935483871 0
1626745287177 0.9631336405529954 0
1626745290210 0.9447004608294931 0
1626745293321 0.9631336405529954 0
1626745296326 0.9631336405529954 0
1626745299529 0.9723502304147466 0
1626745302765 0.967741935483871 0
1626745305990 0.967741935483871 0
1626745309061 0.9539170506912442 0
1626745312063 0.9631336405529954 0
1626745315081 0.9400921658986175 0
1626745318074 0.9723502304147466 0
1626745321054 0.967741935483871 0
1626745324141 0.9769585253456221 0
1626745327139 0.9631336405529954 0
1626745330340 0.9861751152073732 0
1626745333324 0.9769585253456221 0
1626745336318 0.967741935483871 0
1626745339312 0.9953917050691244 0
1626745342392 0.9815668202764977 0
1626745345384 0.9861751152073732 0
1626745348419 0.967741935483871 0
1626745351406 0.9815668202764977 0
1626745354411 0.967741935483871 0
1626745357443 0.9585253456221198 0
1626745360459 0.9769585253456221 0
1626745363492 0.9815668202764977 0
1626745366541 0.967741935483871 0
1626745369746 0.9815668202764977 0
1626745372776 0.9907834101382489 0
1626745375822 0.9861751152073732 0
1626745378814 0.9861751152073732 0
1626745381816 0.9769585253456221 0
1626745384831 0.9769585253456221 0
1626745387842 0.9907834101382489 0
1626745390837 0.9723502304147466 0
1626745393843 0.9723502304147466 0
1626745396880 0.9815668202764977 0
1626745399873 0.9907834101382489 0
1626745402870 0.9769585253456221 0
1626745406109 0.9815668202764977 0
1626745409333 0.9907834101382489 0
1626745412598 0.9815668202764977 0
1626745415810 0.9907834101382489 0
1626745418809 0.9953917050691244 0
1626745421820 0.9815668202764977 0
1626745424797 0.9769585253456221 0
1626745427795 0.9953917050691244 0
1626745430773 0.9769585253456221 0
1626745433786 0.9861751152073732 0
1626745436998 0.9769585253456221 0
1626745440039 0.9723502304147466 0
1626745443049 0.9723502304147466 0
1626745446059 0.9953917050691244 0
1626745449180 0.9815668202764977 0
1626745452163 0.9815668202764977 0
1626745455393 0.967741935483871 0
1626745458398 0.9861751152073732 0
1626745461364 0.9861751152073732 0
1626745464379 0.9815668202764977 0
1626745467369 0.967741935483871 0
1626745470587 0.9861751152073732 0
1626745473782 0.9815668202764977 0
1626745476977 0.9907834101382489 0
1626745480189 0.9907834101382489 0
1626745483402 0.9861751152073732 0
1626745486628 1.0 0
1626745489621 0.9861751152073732 0
1626745492630 0.9769585253456221 0
1626745495847 0.9815668202764977 0
1626745499071 0.9907834101382489 0
1626745502093 0.9539170506912442 0
