1626745050280 0.720054638825254 0
1626745053292 0.690601848786877 0
1626745056294 0.6963207479995517 0
1626745059505 0.6871266255180957 0
1626745062507 0.6651209334623979 0
1626745065519 0.6437841112712561 0
1626745068701 0.6298187592062533 0
1626745071902 0.5978138732470675 0
1626745075064 0.5960100224490539 0
1626745078043 0.5704061957548291 0
1626745081072 0.5437687632674995 0
1626745084142 0.5179447545433924 0
1626745087338 0.51710228862301 0
1626745090306 0.48811779428736957 0
1626745093503 0.4836340177169044 0
1626745096710 0.4691176719379865 0
1626745099680 0.46121055821669266 0
1626745102668 0.4410208438948003 0
1626745105669 0.4315393925537162 0
1626745108680 0.4245496754822094 0
1626745111907 0.4036496179993801 0
1626745115116 0.4031594717008178 0
1626745118145 0.39311454949840424 0
1626745121143 0.362156685046886 0
1626745124154 0.379718506803161 0
1626745127154 0.3759233748308525 0
1626745130169 0.3689576049554183 0
1626745133191 0.3370124936653172 0
1626745136195 0.35071480933422317 0
1626745139168 0.3405485816540257 0
1626745142240 0.333791317478303 0
1626745145214 0.3506701661419759 0
1626745148233 0.3055883142667981 0
1626745151215 0.3268700809248032 0
1626745154198 0.29502004206455246 0
1626745157185 0.3028169384200452 0
1626745160158 0.2752955084846866 0
1626745163185 0.31953564615842933 0
1626745166218 0.2660493841781045 0
1626745169216 0.2545893483447589 0
1626745172230 0.2570542878544276 0
1626745175233 0.2761831081682636 0
1626745178223 0.2532110355004737 0
1626745181211 0.2541346107759783 0
1626745184203 0.299694035871787 0
1626745187226 0.23814099917214038 0
1626745190232 0.23142268010822858 0
1626745193227 0.22566180576651876 0
1626745196217 0.22373562254663987 0
1626745199265 0.23069570319993155 0
1626745202298 0.22900643628863146 0
1626745205282 0.2522415260565446 0
1626745208345 0.2103478274037761 0
1626745211334 0.25940056090256036 0
1626745214344 0.2405680048918944 0
1626745217354 0.18889977621592685 0
1626745220375 0.20518852687925787 0
1626745223368 0.18030766250076383 0
1626745226374 0.18838719048533023 0
1626745229352 0.20934528181080445 0
1626745232335 0.23771973235815902 0
1626745235336 0.23076624529702322 0
1626745238320 0.2106325322169862 0
1626745241334 0.18993148111527966 0
1626745244310 0.20999276452624852 0
1626745247320 0.19381932873055682 0
1626745250305 0.1461237075691399 0
1626745253312 0.1761128509648934 0
1626745256379 0.1796988284532925 0
1626745259575 0.1655165827768739 0
1626745262786 0.17442322038285743 0
1626745265996 0.17196140355915518 0
1626745269020 0.20077998599698466 0
1626745272010 0.16575039257102298 0
1626745275065 0.13342933796243184 0
1626745278064 0.16596063147492124 0
1626745281120 0.15477263529179833 0
1626745284169 0.14080275801194977 0
1626745287174 0.14141622583986976 0
1626745290209 0.156007824542885 0
1626745293318 0.15978681409413914 0
1626745296325 0.152309493947139 0
1626745299527 0.13085697769844037 0
1626745302764 0.13556253978733643 0
1626745305988 0.1404071349976799 0
1626745309058 0.14390918622780505 0
1626745312060 0.14407709927602846 0
1626745315080 0.1620875643695005 0
1626745318071 0.13522225192614964 0
1626745321053 0.14036296246238567 0
1626745324140 0.12646083152651239 0
1626745327137 0.14954704176720388 0
1626745330338 0.12680805316581154 0
1626745333323 0.1100393193108695 0
1626745336316 0.13270338944026402 0
1626745339311 0.09805353061394757 0
1626745342391 0.11044852064776531 0
1626745345382 0.0924915008349902 0
1626745348418 0.10982172167108904 0
1626745351405 0.11205676678688295 0
1626745354410 0.12325725865803557 0
1626745357442 0.13570512508467045 0
1626745360458 0.10695877042920908 0
1626745363490 0.10295131150203916 0
1626745366538 0.13242037875861068 0
1626745369745 0.11654896206707449 0
1626745372774 0.08491464021019123 0
1626745375820 0.09436256191285525 0
1626745378812 0.08654772232754439 0
1626745381814 0.09070697306625304 0
1626745384829 0.12061481940032151 0
1626745387840 0.08060727601501799 0
1626745390836 0.104301836015442 0
1626745393840 0.10633722703028385 0
1626745396877 0.1133830230082235 0
1626745399872 0.10469592908560406 0
1626745402869 0.1054696564129146 0
1626745406107 0.11331537880930483 0
1626745409331 0.08877565131484089 0
1626745412596 0.09196571401462028 0
1626745415808 0.09199169868697768 0
1626745418807 0.08485128198351179 0
1626745421817 0.12244013649699051 0
1626745424796 0.10314451027575726 0
1626745427793 0.09348668164921246 0
1626745430771 0.10222198948058116 0
1626745433785 0.09265378872919743 0
1626745436996 0.10066297993681947 0
1626745440037 0.09578000778152097 0
1626745443047 0.09614809178468268 0
1626745446057 0.0778913228742538 0
1626745449178 0.09302488206306361 0
1626745452161 0.08840551725181017 0
1626745455391 0.11420157448762024 0
1626745458396 0.09254071583396278 0
1626745461361 0.08339395212687654 0
1626745464377 0.10239088377370263 0
1626745467366 0.10396451029222682 0
1626745470585 0.07897816131466545 0
1626745473780 0.08981410510117008 0
1626745476975 0.07476916814798035 0
1626745480187 0.08656296619827847 0
1626745483399 0.07097261242808835 0
1626745486625 0.05940815645016833 0
1626745489620 0.06834685266841942 0
1626745492628 0.08438276262601949 0
1626745495845 0.09560007529874001 0
1626745499069 0.06588452711083373 0
1626745502091 0.15183624474134313 0
