1626426120709 0.7197842982507521 0
1626426123669 0.7046315735935615 0
1626426126659 0.698212875199208 0
1626426129592 0.6805018930940584 0
1626426132519 0.6642405827473935 0
1626426135514 0.6541467048056114 0
1626426138434 0.6242196235788583 0
1626426141405 0.6051298863327448 0
1626426144320 0.602618791403309 0
1626426147290 0.5710867275290775 0
1626426150227 0.5437295607158116 0
1626426153191 0.5203374019965598 0
1626426156323 0.5201243960088299 0
1626426159255 0.48561688612133674 0
1626426162202 0.49079149315983467 0
1626426165172 0.48372630562101093 0
1626426168108 0.4625286407734392 0
1626426171053 0.45549551449063735 0
1626426173970 0.42981627020418367 0
1626426176900 0.4229470005233167 0
1626426179846 0.42403991266329716 0
1626426182786 0.40755559579567974 0
1626426185803 0.39401962089648446 0
1626426188745 0.35621220944663895 0
1626426191693 0.38360422973259256 0
1626426194658 0.37206770912293463 0
1626426197611 0.37107555025733563 0
1626426200624 0.3453477827085328 0
1626426203593 0.37016098496551336 0
1626426206564 0.3337984144138301 0
1626426209523 0.33525552233243316 0
1626426212652 0.3570367840852606 0
1626426215629 0.30420653364076045 0
1626426218570 0.31070445340624603 0
1626426221544 0.3008328499057875 0
1626426224554 0.31039913733434016 0
1626426227501 0.28158929102843805 0
1626426230454 0.31516473029615694 0
1626426233429 0.27637210337247714 0
1626426236401 0.25546875966858756 0
1626426239387 0.2621961204412346 0
1626426242310 0.29302397287935705 0
1626426245284 0.25878292850909695 0
1626426248268 0.27698499815804617 0
1626426251321 0.29262943064562186 0
1626426254286 0.25034400202711604 0
1626426257256 0.24479138507821044 0
1626426260397 0.24906981135568312 0
1626426263522 0.23894361883813883 0
1626426266534 0.23907298206733668 0
1626426269517 0.22279352416640602 0
1626426272492 0.2424337171052458 0
1626426275435 0.21291607865540113 0
1626426278581 0.26542430298943676 0
1626426281725 0.25078411935935924 0
1626426284909 0.20931690965654665 0
1626426288092 0.21442011190998939 0
1626426291247 0.19737601678492286 0
1626426294399 0.19004272549383103 0
1626426297547 0.21935566257221908 0
1626426300720 0.25100942745736116 0
1626426303665 0.21503499644692592 0
1626426306806 0.24155094120908993 0
1626426309743 0.1919335750390857 0
1626426312691 0.2228191838973129 0
1626426315615 0.18885652768996455 0
1626426318774 0.1655005193594414 0
1626426321920 0.16515948489514365 0
1626426325065 0.2068081781062113 0
1626426328023 0.16145339862267544 0
1626426330970 0.1833918858233685 0
1626426334122 0.1713509271565121 0
1626426337058 0.2085917515139426 0
1626426339989 0.1740616334061469 0
1626426343114 0.15972443646000278 0
1626426346291 0.16837289792052063 0
1626426349228 0.16643591911836703 0
1626426352402 0.15721526487906406 0
1626426355451 0.1526272258450908 0
1626426358436 0.17036958838800131 0
1626426361378 0.1531760709763672 0
1626426364413 0.1701848074313133 0
1626426367373 0.1286578251194844 0
1626426370369 0.14955406254887033 0
1626426373312 0.14366756008792034 0
1626426376245 0.16764805936318938 0
1626426379396 0.15616541785029223 0
1626426382553 0.16477949491568974 0
1626426385727 0.14339148723584716 0
1626426388670 0.14581563735749864 0
1626426391695 0.13017549523697472 0
1626426394684 0.16690366121206415 0
1626426397605 0.14105245086454576 0
1626426400570 0.11876952043876121 0
1626426403524 0.14189270358481165 0
1626426406489 0.10530126730005862 0
1626426409446 0.10507057363399162 0
1626426412429 0.09564235523205748 0
1626426415574 0.11778596177491175 0
1626426418741 0.1173257619691884 0
1626426421668 0.12942095509459894 0
1626426424666 0.13444522998300015 0
1626426427622 0.11792593947204028 0
1626426430599 0.09903378695386895 0
1626426433732 0.13403925522818544 0
1626426436680 0.1162216347998463 0
1626426439633 0.09358233728441774 0
1626426442614 0.10732139537136676 0
1626426445783 0.10032289863182103 0
1626426448735 0.10840982669097488 0
1626426451706 0.11616664910302733 0
1626426454672 0.10731672869849315 0
1626426457842 0.10842717243229738 0
1626426461011 0.10798790927306848 0
1626426464209 0.13044543887063656 0
1626426467248 0.1184244312964002 0
1626426470187 0.1122586092812949 0
1626426473146 0.1367615624781578 0
1626426476100 0.09445811025283303 0
1626426479098 0.10089624271414796 0
1626426482076 0.11209576992395287 0
1626426485048 0.09676066123395471 0
1626426488055 0.12043370275590826 0
1626426490977 0.09978658499942947 0
1626426493937 0.1159811209938768 0
1626426496903 0.11392003071198266 0
1626426499855 0.09352979767844424 0
1626426502829 0.10375588301414718 0
1626426505994 0.09399218658148419 0
1626426508937 0.10390940998693765 0
1626426511879 0.08997587948900214 0
1626426514862 0.10252782407169518 0
1626426517805 0.09147281189393337 0
1626426520796 0.1307091315358465 0
1626426523741 0.08781871158406482 0
1626426526728 0.09329788627163056 0
1626426529708 0.11575427392180065 0
1626426532682 0.13058099801295914 0
1626426535623 0.09182066851497246 0
1626426538789 0.0940059470484883 0
1626426541731 0.0901559396960219 0
1626426544708 0.07991436827704654 0
1626426547638 0.08860577158801566 0
1626426550623 0.07590054545534371 0
1626426553704 0.08643571311427702 0
1626426556845 0.08811342791752881 0
1626426559815 0.10651226183785821 0
1626426562774 0.08729683968328661 0
1626426565754 0.17496889142946165 0
