1626426120711 0.46543778801843316 0
1626426123672 0.5253456221198156 0
1626426126661 0.5161290322580645 0
1626426129594 0.543778801843318 0
1626426132520 0.576036866359447 0
1626426135515 0.5852534562211982 0
1626426138436 0.6175115207373272 0
1626426141407 0.7050691244239631 0
1626426144322 0.7004608294930875 0
1626426147292 0.7788018433179723 0
1626426150229 0.7788018433179723 0
1626426153192 0.7880184331797235 0
1626426156324 0.8202764976958525 0
1626426159256 0.8709677419354839 0
1626426162204 0.8202764976958525 0
1626426165173 0.8018433179723502 0
1626426168109 0.8663594470046083 0
1626426171054 0.815668202764977 0
1626426173971 0.8571428571428571 0
1626426176901 0.847926267281106 0
1626426179848 0.8663594470046083 0
1626426182787 0.8341013824884793 0
1626426185805 0.8894009216589862 0
1626426188746 0.9032258064516129 0
1626426191694 0.880184331797235 0
1626426194660 0.9078341013824884 0
1626426197612 0.8894009216589862 0
1626426200625 0.8847926267281105 0
1626426203594 0.847926267281106 0
1626426206566 0.9124423963133641 0
1626426209524 0.9032258064516129 0
1626426212653 0.880184331797235 0
1626426215631 0.9124423963133641 0
1626426218572 0.9124423963133641 0
1626426221546 0.9078341013824884 0
1626426224555 0.9032258064516129 0
1626426227503 0.9170506912442397 0
1626426230456 0.8986175115207373 0
1626426233430 0.9078341013824884 0
1626426236403 0.9354838709677419 0
1626426239388 0.9032258064516129 0
1626426242311 0.8986175115207373 0
1626426245285 0.9354838709677419 0
1626426248269 0.9078341013824884 0
1626426251322 0.9262672811059908 0
1626426254287 0.9308755760368663 0
1626426257257 0.9400921658986175 0
1626426260399 0.9170506912442397 0
1626426263524 0.9400921658986175 0
1626426266535 0.9078341013824884 0
1626426269519 0.9262672811059908 0
1626426272494 0.9262672811059908 0
1626426275436 0.9447004608294931 0
1626426278582 0.9124423963133641 0
1626426281727 0.8986175115207373 0
1626426284911 0.9308755760368663 0
1626426288094 0.9400921658986175 0
1626426291249 0.9539170506912442 0
1626426294400 0.9585253456221198 0
1626426297549 0.9216589861751152 0
1626426300722 0.9124423963133641 0
1626426303666 0.9493087557603687 0
1626426306807 0.9124423963133641 0
1626426309745 0.9400921658986175 0
1626426312692 0.9216589861751152 0
1626426315616 0.9539170506912442 0
1626426318776 0.967741935483871 0
1626426321922 0.967741935483871 0
1626426325067 0.9400921658986175 0
1626426328024 0.967741935483871 0
1626426330971 0.9539170506912442 0
1626426334123 0.9631336405529954 0
1626426337059 0.9308755760368663 0
1626426339990 0.9631336405529954 0
1626426343116 0.9585253456221198 0
1626426346293 0.967741935483871 0
1626426349229 0.9493087557603687 0
1626426352403 0.967741935483871 0
1626426355452 0.9585253456221198 0
1626426358438 0.967741935483871 0
1626426361379 0.9769585253456221 0
1626426364414 0.9493087557603687 0
1626426367374 0.967741935483871 0
1626426370371 0.9493087557603687 0
1626426373313 0.9723502304147466 0
1626426376246 0.9493087557603687 0
1626426379397 0.9723502304147466 0
1626426382554 0.9585253456221198 0
1626426385728 0.9631336405529954 0
1626426388671 0.9631336405529954 0
1626426391697 0.9723502304147466 0
1626426394686 0.9400921658986175 0
1626426397607 0.9631336405529954 0
1626426400571 0.9723502304147466 0
1626426403525 0.9585253456221198 0
1626426406490 0.9815668202764977 0
1626426409447 0.9815668202764977 0
1626426412431 0.9861751152073732 0
1626426415576 0.9631336405529954 0
1626426418742 0.9769585253456221 0
1626426421669 0.967741935483871 0
1626426424667 0.9631336405529954 0
1626426427623 0.9769585253456221 0
1626426430600 0.9815668202764977 0
1626426433734 0.9539170506912442 0
1626426436681 0.967741935483871 0
1626426439635 0.9861751152073732 0
1626426442615 0.9861751152073732 0
1626426445784 0.9815668202764977 0
1626426448736 0.9723502304147466 0
1626426451708 0.967741935483871 0
1626426454674 0.9631336405529954 0
1626426457844 0.9861751152073732 0
1626426461012 0.9723502304147466 0
1626426464211 0.9723502304147466 0
1626426467249 0.967741935483871 0
1626426470188 0.967741935483871 0
1626426473148 0.9585253456221198 0
1626426476102 0.9815668202764977 0
1626426479100 0.9861751152073732 0
1626426482077 0.9585253456221198 0
1626426485049 0.9907834101382489 0
1626426488057 0.967741935483871 0
1626426490979 0.9769585253456221 0
1626426493938 0.9723502304147466 0
1626426496905 0.9815668202764977 0
1626426499856 0.9815668202764977 0
1626426502831 0.9861751152073732 0
1626426505996 0.9953917050691244 0
1626426508939 0.9769585253456221 0
1626426511880 0.9907834101382489 0
1626426514863 0.9723502304147466 0
1626426517808 0.9861751152073732 0
1626426520798 0.9631336405529954 0
1626426523743 0.9861751152073732 0
1626426526731 0.9815668202764977 0
1626426529710 0.967741935483871 0
1626426532683 0.9631336405529954 0
1626426535624 0.9815668202764977 0
1626426538790 0.9861751152073732 0
1626426541732 0.9861751152073732 0
1626426544709 0.9861751152073732 0
1626426547640 0.9769585253456221 0
1626426550625 0.9907834101382489 0
1626426553706 0.9861751152073732 0
1626426556846 0.9953917050691244 0
1626426559817 0.9539170506912442 0
1626426562776 0.9815668202764977 0
1626426565755 0.9308755760368663 0
