1626432135831 0.7197843899924634 0
1626432138834 0.7046314922895299 0
1626432142064 0.6982136099569259 0
1626432145063 0.6805022707732592 0
1626432148114 0.6642411125969777 0
1626432151318 0.6541474255548644 0
1626432154294 0.6242215369703583 0
1626432157300 0.6051336765838659 0
1626432160249 0.6026187882445375 0
1626432163424 0.5710886994265192 0
1626432166381 0.5437313702798658 0
1626432169383 0.5203425518928035 0
1626432172358 0.5201228537043119 0
1626432175325 0.48563010187192995 0
1626432178529 0.4908151457661308 0
1626432181726 0.4837427559536174 0
1626432184973 0.4625935216653182 0
1626432188205 0.4555495352514328 0
1626432191161 0.4297954582948289 0
1626432194388 0.42294987912551596 0
1626432197603 0.4240964728017007 0
1626432200615 0.40765043639916976 0
1626432203617 0.39405725024262883 0
1626432206603 0.35617440307195286 0
1626432209595 0.3836760559389668 0
1626432212607 0.3721197247505188 0
1626432215814 0.37131131491902786 0
1626432218798 0.3455870904131419 0
1626432221791 0.3700748519963383 0
1626432224797 0.3336394008952901 0
1626432227838 0.335465219026337 0
1626432230796 0.3574318929751348 0
1626432233798 0.3043750703746822 0
1626432236825 0.31079687068264605 0
1626432239817 0.30088932008787234 0
1626432242789 0.31063716147901826 0
1626432245785 0.28175660803021374 0
1626432248829 0.3155384324662696 0
1626432251823 0.2764428018974269 0
1626432254835 0.2553202386275964 0
1626432257853 0.2628115850934235 0
1626432260834 0.293323737891039 0
1626432263807 0.25844325502896637 0
1626432266825 0.2764162291442194 0
1626432269823 0.29300321123567047 0
1626432272820 0.2501399765640909 0
1626432276010 0.24531734058384522 0
1626432279014 0.25059696963305844 0
1626432282215 0.23935592030325242 0
1626432285231 0.23894523242102242 0
1626432288228 0.22244607962770946 0
1626432291250 0.24305831507054343 0
1626432294244 0.21232492061254615 0
1626432297226 0.2650043956145713 0
1626432300204 0.2510392328698514 0
1626432303183 0.2099832189247905 0
1626432306187 0.2146945836769271 0
1626432309166 0.19701126671057143 0
1626432312166 0.19058917081713128 0
1626432315121 0.22009371227932417 0
1626432318102 0.25145635462026994 0
1626432321090 0.21471776143746443 0
1626432324078 0.24140943284682964 0
1626432327086 0.19232328400908527 0
1626432330160 0.22205994377762492 0
1626432333273 0.18858221846242104 0
1626432336473 0.1659716687718844 0
1626432339435 0.1652599913733346 0
1626432342449 0.20650452444080933 0
1626432345454 0.16125957015472622 0
1626432348458 0.18332790847747557 0
1626432351469 0.1720010537121977 0
1626432354456 0.20837514191728584 0
1626432357649 0.17420772651922867 0
1626432360614 0.15970059316004476 0
1626432363604 0.16894533337535947 0
1626432366588 0.1665382717611603 0
1626432369622 0.1571427097518323 0
1626432372592 0.15252132651992656 0
1626432375618 0.17041274300918052 0
1626432378682 0.1535354149163044 0
1626432381676 0.1703634468778487 0
1626432384669 0.1291705764795778 0
1626432387680 0.14931109623150893 0
1626432390739 0.1435799517664492 0
1626432393754 0.16749311379298637 0
1626432396760 0.1561485574267427 0
1626432399715 0.16505305620107782 0
1626432402719 0.14339193042522203 0
1626432405714 0.145807230973848 0
1626432408685 0.13003488267827693 0
1626432411689 0.16673824060622447 0
1626432414686 0.14049667703665897 0
1626432417906 0.11857801785666822 0
1626432421133 0.14275518952426822 0
1626432424105 0.1055098805010044 0
1626432427093 0.10513659358917293 0
1626432430081 0.09471666648091259 0
1626432433278 0.11770304069266341 0
1626432436249 0.11797134969640986 0
1626432439466 0.12968329329919157 0
1626432442439 0.13478941590555252 0
1626432445452 0.11813850728322833 0
1626432448516 0.09845743421035978 0
1626432451734 0.13483407183588925 0
1626432454934 0.1164646000700063 0
1626432458153 0.09387879739708614 0
1626432461377 0.10747681177019523 0
1626432464362 0.10070904636163316 0
1626432467582 0.10856014157083177 0
1626432470807 0.11567533780146853 0
1626432474022 0.1066701525504688 0
1626432477026 0.10872161610712928 0
1626432480024 0.10795452854325695 0
1626432483242 0.13133878147547146 0
1626432486253 0.1182396500135347 0
1626432489232 0.11270518073048186 0
1626432492226 0.13637649827563816 0
1626432495234 0.0939039311925387 0
1626432498450 0.10024087742177022 0
1626432501439 0.11144583716919895 0
1626432504538 0.0968829270812773 0
1626432507520 0.12015210092067719 0
1626432510723 0.10022007443937837 0
1626432513932 0.11549470692117643 0
1626432516912 0.11412284176470497 0
1626432519880 0.0933934600534527 0
1626432522891 0.1051278435689513 0
1626432525877 0.09441938728506115 0
1626432528869 0.10399411515706146 0
1626432531862 0.09020246393669586 0
1626432534860 0.10371459385354398 0
1626432537857 0.0909937127806624 0
1626432540854 0.13145879886117398 0
1626432543871 0.08781978069087877 0
1626432546881 0.09337337624092805 0
1626432549877 0.11613165262726045 0
1626432552965 0.1300274389817418 0
1626432556037 0.09235161570360034 0
1626432559035 0.09363913611607617 0
1626432562007 0.0906997237715029 0
1626432565025 0.0795914000458157 0
1626432568036 0.08988749187800192 0
1626432571004 0.07643494246879481 0
1626432574008 0.08667743779409866 0
1626432576999 0.08943901447931193 0
1626432580037 0.10631681264545512 0
1626432583061 0.08799629277347969 0
1626432586089 0.1758389375451523 0
