1626432135832 0.46543778801843316 0
1626432138836 0.5253456221198156 0
1626432142067 0.5161290322580645 0
1626432145065 0.543778801843318 0
1626432148115 0.576036866359447 0
1626432151319 0.5852534562211982 0
1626432154295 0.6175115207373272 0
1626432157302 0.7050691244239631 0
1626432160251 0.7004608294930875 0
1626432163425 0.7788018433179723 0
1626432166383 0.7788018433179723 0
1626432169384 0.7880184331797235 0
1626432172359 0.8202764976958525 0
1626432175327 0.8709677419354839 0
1626432178530 0.8202764976958525 0
1626432181727 0.7972350230414746 0
1626432184975 0.8663594470046083 0
1626432188207 0.815668202764977 0
1626432191162 0.8525345622119815 0
1626432194390 0.8525345622119815 0
1626432197605 0.8663594470046083 0
1626432200617 0.8387096774193549 0
1626432203620 0.8894009216589862 0
1626432206604 0.9032258064516129 0
1626432209596 0.8755760368663594 0
1626432212609 0.9078341013824884 0
1626432215816 0.8894009216589862 0
1626432218800 0.8847926267281105 0
1626432221792 0.847926267281106 0
1626432224799 0.9124423963133641 0
1626432227840 0.9078341013824884 0
1626432230798 0.8847926267281105 0
1626432233800 0.9124423963133641 0
1626432236828 0.9124423963133641 0
1626432239819 0.9078341013824884 0
1626432242790 0.9032258064516129 0
1626432245786 0.9170506912442397 0
1626432248831 0.8986175115207373 0
1626432251825 0.9078341013824884 0
1626432254837 0.9400921658986175 0
1626432257855 0.9032258064516129 0
1626432260836 0.8940092165898618 0
1626432263809 0.9354838709677419 0
1626432266827 0.9124423963133641 0
1626432269825 0.9170506912442397 0
1626432272821 0.9262672811059908 0
1626432276011 0.9400921658986175 0
1626432279016 0.9170506912442397 0
1626432282217 0.9400921658986175 0
1626432285232 0.9078341013824884 0
1626432288230 0.9308755760368663 0
1626432291252 0.9308755760368663 0
1626432294246 0.9447004608294931 0
1626432297227 0.9124423963133641 0
1626432300205 0.8940092165898618 0
1626432303185 0.9308755760368663 0
1626432306189 0.9400921658986175 0
1626432309168 0.9539170506912442 0
1626432312168 0.9585253456221198 0
1626432315123 0.9262672811059908 0
1626432318103 0.9124423963133641 0
1626432321092 0.9493087557603687 0
1626432324079 0.9170506912442397 0
1626432327087 0.9400921658986175 0
1626432330162 0.9216589861751152 0
1626432333275 0.9493087557603687 0
1626432336475 0.967741935483871 0
1626432339436 0.967741935483871 0
1626432342451 0.9400921658986175 0
1626432345456 0.967741935483871 0
1626432348459 0.9539170506912442 0
1626432351470 0.9631336405529954 0
1626432354458 0.9354838709677419 0
1626432357650 0.967741935483871 0
1626432360615 0.9585253456221198 0
1626432363606 0.967741935483871 0
1626432366589 0.9493087557603687 0
1626432369624 0.967741935483871 0
1626432372594 0.9585253456221198 0
1626432375619 0.967741935483871 0
1626432378684 0.9769585253456221 0
1626432381677 0.9539170506912442 0
1626432384670 0.967741935483871 0
1626432387681 0.9493087557603687 0
1626432390741 0.9723502304147466 0
1626432393755 0.9447004608294931 0
1626432396762 0.967741935483871 0
1626432399716 0.9539170506912442 0
1626432402721 0.9631336405529954 0
1626432405716 0.9631336405529954 0
1626432408687 0.9723502304147466 0
1626432411690 0.9400921658986175 0
1626432414689 0.9631336405529954 0
1626432417907 0.9723502304147466 0
1626432421135 0.9585253456221198 0
1626432424106 0.9815668202764977 0
1626432427095 0.9815668202764977 0
1626432430082 0.9861751152073732 0
1626432433281 0.9631336405529954 0
1626432436252 0.9769585253456221 0
1626432439467 0.967741935483871 0
1626432442440 0.9585253456221198 0
1626432445453 0.9723502304147466 0
1626432448517 0.9815668202764977 0
1626432451736 0.9493087557603687 0
1626432454935 0.967741935483871 0
1626432458156 0.9861751152073732 0
1626432461378 0.9907834101382489 0
1626432464363 0.9815668202764977 0
1626432467583 0.9723502304147466 0
1626432470810 0.967741935483871 0
1626432474024 0.9631336405529954 0
1626432477027 0.9815668202764977 0
1626432480026 0.9723502304147466 0
1626432483245 0.9723502304147466 0
1626432486254 0.967741935483871 0
1626432489233 0.967741935483871 0
1626432492228 0.9631336405529954 0
1626432495236 0.9815668202764977 0
1626432498451 0.9861751152073732 0
1626432501442 0.9585253456221198 0
1626432504539 0.9907834101382489 0
1626432507522 0.9631336405529954 0
1626432510725 0.9769585253456221 0
1626432513933 0.967741935483871 0
1626432516914 0.9723502304147466 0
1626432519882 0.9769585253456221 0
1626432522893 0.9861751152073732 0
1626432525878 0.9907834101382489 0
1626432528871 0.9723502304147466 0
1626432531863 0.9861751152073732 0
1626432534861 0.9723502304147466 0
1626432537858 0.9861751152073732 0
1626432540855 0.9631336405529954 0
1626432543873 0.9861751152073732 0
1626432546883 0.9769585253456221 0
1626432549879 0.9723502304147466 0
1626432552967 0.9631336405529954 0
1626432556038 0.9769585253456221 0
1626432559037 0.9861751152073732 0
1626432562009 0.9861751152073732 0
1626432565027 0.9861751152073732 0
1626432568038 0.9769585253456221 0
1626432571006 0.9861751152073732 0
1626432574009 0.9861751152073732 0
1626432577002 0.9907834101382489 0
1626432580038 0.9585253456221198 0
1626432583063 0.9815668202764977 0
1626432586090 0.9308755760368663 0
