1626469943050 0.7197843427482289 0
1626469946233 0.7046315392590887 0
1626469949425 0.6982132454621627 0
1626469952612 0.6805030184407388 0
1626469955566 0.6642410897988877 0
1626469958541 0.654149288955372 0
1626469961478 0.624221431220182 0
1626469964430 0.6051355116927679 0
1626469967506 0.6026206549411545 0
1626469970443 0.5710905543120776 0
1626469973400 0.5437397583289081 0
1626469976539 0.520336657075838 0
1626469979728 0.5201236748475633 0
1626469982733 0.4856081029511817 0
1626469985700 0.4907678048456869 0
1626469988879 0.4837189094262189 0
1626469991817 0.4625110947591369 0
1626469994868 0.4554744290042033 0
1626469998031 0.4297960195947902 0
1626470001200 0.42292493526836694 0
1626470004399 0.4240384832505257 0
1626470007602 0.4075542935577955 0
1626470010783 0.3940322499396065 0
1626470013974 0.35628903186815675 0
1626470017156 0.38370947958686935 0
1626470020166 0.3721040501023218 0
1626470023130 0.37102770860294043 0
1626470026092 0.34532233688139147 0
1626470029283 0.36991429383853613 0
1626470032229 0.3336326757334344 0
1626470035267 0.33517564112140286 0
1626470038219 0.35732793904119925 0
1626470041174 0.3043919259914055 0
1626470044172 0.3108970756354969 0
1626470047133 0.30071584873485124 0
1626470050179 0.3103878679363409 0
1626470053170 0.28168089234609206 0
1626470056152 0.3150932244990828 0
1626470059351 0.27630148999702 0
1626470062342 0.25515254356894074 0
1626470065408 0.2621960269141307 0
1626470068362 0.293137632276056 0
1626470071325 0.2582473709561308 0
1626470074330 0.2766289085424441 0
1626470077381 0.29264830485466986 0
1626470080399 0.25013303207362303 0
1626470083371 0.24514318885891118 0
1626470086390 0.25000043336971567 0
1626470089340 0.2391221572726553 0
1626470092543 0.23875189981152933 0
1626470095655 0.22256842104520666 0
1626470098633 0.24219505818483467 0
1626470101626 0.21225653266027775 0
1626470104606 0.26521444842562697 0
1626470107622 0.2508248215378155 0
1626470110689 0.20906737556655286 0
1626470113895 0.21431263491580013 0
1626470117093 0.19733824989488047 0
1626470120301 0.19036860520251886 0
1626470123481 0.21967612461010982 0
1626470126439 0.25080302563680484 0
1626470129445 0.2148206832771477 0
1626470132416 0.2413312364970484 0
1626470135400 0.19175994753288234 0
1626470138401 0.22167185985822283 0
1626470141580 0.18893020747718722 0
1626470144784 0.16541114614306507 0
1626470147970 0.16514047279885288 0
1626470150926 0.20630364923433225 0
1626470153875 0.1613973375014995 0
1626470156843 0.1837529769416229 0
1626470159812 0.17154640046888234 0
1626470162997 0.20836533448113823 0
1626470166157 0.1740856110912314 0
1626470169328 0.15986858232779436 0
1626470172520 0.16791170052669016 0
1626470175704 0.16648191357812575 0
1626470178887 0.15734099710042576 0
1626470182070 0.1518326685999945 0
1626470185281 0.1700833297682248 0
1626470188243 0.15287150892381843 0
1626470191255 0.1704518572526044 0
1626470194211 0.1289167469410303 0
1626470197235 0.14963171146981727 0
1626470200219 0.14378403601009176 0
1626470203194 0.16766544242608383 0
1626470206186 0.1564169613996409 0
1626470209167 0.16461223343275658 0
1626470212215 0.14271452404936338 0
1626470215204 0.1457023396744706 0
1626470218162 0.12980763133495085 0
1626470221158 0.16696521433817077 0
1626470224116 0.14088630459962354 0
1626470227307 0.11856207189746716 0
1626470230282 0.14203241549878626 0
1626470233278 0.1050446267295543 0
1626470236309 0.1050721942039404 0
1626470239280 0.09568700953150674 0
1626470242271 0.11769202543843177 0
1626470245276 0.11724747820383942 0
1626470248288 0.12947947971419804 0
1626470251294 0.13453322903077175 0
1626470254284 0.11810403609056078 0
1626470257488 0.09873063326705986 0
1626470260677 0.1338892560538059 0
1626470263869 0.11644220374490259 0
1626470266842 0.09363655773450702 0
1626470269881 0.10785320220935729 0
1626470272874 0.10044264923866993 0
1626470275875 0.10834296784161972 0
1626470278851 0.11641030293387201 0
1626470281856 0.10679031489631548 0
1626470284819 0.10835644014797727 0
1626470287816 0.10758304266336327 0
1626470290889 0.1306417513003547 0
1626470294074 0.1185811150664558 0
1626470297066 0.11222567042756465 0
1626470300106 0.1368445162811587 0
1626470303077 0.09458412652328817 0
1626470306296 0.10051615337072979 0
1626470309514 0.1120067568418617 0
1626470312502 0.09746993370869193 0
1626470315488 0.1203633406916247 0
1626470318433 0.09992941063807308 0
1626470321425 0.11608611464431759 0
1626470324411 0.1142650188938264 0
1626470327428 0.09329395044234491 0
1626470330593 0.10450986240591321 0
1626470333778 0.09427146963809492 0
1626470336781 0.10439632953174653 0
1626470339794 0.09000069472921608 0
1626470342762 0.10291735151533707 0
1626470345731 0.09133086020496034 0
1626470348749 0.13071051318936633 0
1626470351726 0.08782278643363083 0
1626470354708 0.09365994411130105 0
1626470357717 0.116093802510456 0
1626470360807 0.13113301024184248 0
1626470364016 0.09214107033019792 0
1626470366991 0.09366801988831314 0
1626470370006 0.09043102251357198 0
1626470372973 0.07974167653973202 0
1626470375967 0.08902645904210306 0
1626470378919 0.07631200922799 0
1626470381921 0.08617281357538865 0
1626470384894 0.08823958492498793 0
1626470387884 0.10673349113782979 0
1626470390914 0.08762941286311171 0
1626470393940 0.17518453691412228 0
