1626469943051 0.46543778801843316 0
1626469946234 0.5253456221198156 0
1626469949427 0.5161290322580645 0
1626469952613 0.543778801843318 0
1626469955569 0.576036866359447 0
1626469958542 0.5852534562211982 0
1626469961479 0.6175115207373272 0
1626469964431 0.7050691244239631 0
1626469967507 0.7004608294930875 0
1626469970445 0.7788018433179723 0
1626469973401 0.7788018433179723 0
1626469976540 0.7880184331797235 0
1626469979729 0.8202764976958525 0
1626469982735 0.8709677419354839 0
1626469985701 0.8202764976958525 0
1626469988880 0.8018433179723502 0
1626469991820 0.8663594470046083 0
1626469994869 0.815668202764977 0
1626469998033 0.8571428571428571 0
1626470001201 0.847926267281106 0
1626470004401 0.8663594470046083 0
1626470007604 0.8387096774193549 0
1626470010785 0.8894009216589862 0
1626470013976 0.9032258064516129 0
1626470017157 0.880184331797235 0
1626470020167 0.9078341013824884 0
1626470023132 0.8894009216589862 0
1626470026094 0.8847926267281105 0
1626470029284 0.847926267281106 0
1626470032231 0.9124423963133641 0
1626470035269 0.9078341013824884 0
1626470038221 0.8847926267281105 0
1626470041175 0.9170506912442397 0
1626470044173 0.9124423963133641 0
1626470047135 0.9078341013824884 0
1626470050181 0.9032258064516129 0
1626470053172 0.9170506912442397 0
1626470056154 0.8986175115207373 0
1626470059353 0.9078341013824884 0
1626470062344 0.9354838709677419 0
1626470065409 0.9032258064516129 0
1626470068363 0.8940092165898618 0
1626470071327 0.9354838709677419 0
1626470074332 0.9078341013824884 0
1626470077382 0.9216589861751152 0
1626470080400 0.9262672811059908 0
1626470083372 0.9447004608294931 0
1626470086391 0.9170506912442397 0
1626470089341 0.9400921658986175 0
1626470092544 0.9078341013824884 0
1626470095657 0.9308755760368663 0
1626470098635 0.9308755760368663 0
1626470101628 0.9447004608294931 0
1626470104607 0.9124423963133641 0
1626470107623 0.8986175115207373 0
1626470110692 0.9308755760368663 0
1626470113897 0.9400921658986175 0
1626470117094 0.9539170506912442 0
1626470120302 0.9585253456221198 0
1626470123483 0.9216589861751152 0
1626470126440 0.9124423963133641 0
1626470129446 0.9493087557603687 0
1626470132419 0.9170506912442397 0
1626470135401 0.9400921658986175 0
1626470138403 0.9216589861751152 0
1626470141581 0.9493087557603687 0
1626470144785 0.967741935483871 0
1626470147971 0.967741935483871 0
1626470150928 0.9400921658986175 0
1626470153876 0.967741935483871 0
1626470156845 0.9539170506912442 0
1626470159813 0.9631336405529954 0
1626470162998 0.9308755760368663 0
1626470166158 0.967741935483871 0
1626470169330 0.9585253456221198 0
1626470172521 0.967741935483871 0
1626470175705 0.9493087557603687 0
1626470178889 0.967741935483871 0
1626470182072 0.9585253456221198 0
1626470185282 0.967741935483871 0
1626470188245 0.9815668202764977 0
1626470191257 0.9493087557603687 0
1626470194213 0.967741935483871 0
1626470197236 0.9493087557603687 0
1626470200220 0.967741935483871 0
1626470203196 0.9447004608294931 0
1626470206188 0.9723502304147466 0
1626470209168 0.9585253456221198 0
1626470212216 0.9631336405529954 0
1626470215205 0.9631336405529954 0
1626470218164 0.9723502304147466 0
1626470221159 0.9400921658986175 0
1626470224117 0.9631336405529954 0
1626470227309 0.9723502304147466 0
1626470230284 0.9585253456221198 0
1626470233280 0.9815668202764977 0
1626470236311 0.9815668202764977 0
1626470239282 0.9861751152073732 0
1626470242273 0.9631336405529954 0
1626470245278 0.9769585253456221 0
1626470248290 0.967741935483871 0
1626470251297 0.9631336405529954 0
1626470254286 0.9723502304147466 0
1626470257490 0.9861751152073732 0
1626470260679 0.9493087557603687 0
1626470263870 0.967741935483871 0
1626470266843 0.9861751152073732 0
1626470269882 0.9861751152073732 0
1626470272876 0.9815668202764977 0
1626470275876 0.9723502304147466 0
1626470278852 0.9631336405529954 0
1626470281858 0.9631336405529954 0
1626470284820 0.9861751152073732 0
1626470287817 0.9723502304147466 0
1626470290891 0.967741935483871 0
1626470294076 0.967741935483871 0
1626470297068 0.967741935483871 0
1626470300107 0.9585253456221198 0
1626470303078 0.9815668202764977 0
1626470306297 0.9861751152073732 0
1626470309516 0.9585253456221198 0
1626470312504 0.9907834101382489 0
1626470315491 0.967741935483871 0
1626470318435 0.9769585253456221 0
1626470321427 0.967741935483871 0
1626470324412 0.9769585253456221 0
1626470327429 0.9815668202764977 0
1626470330594 0.9861751152073732 0
1626470333779 0.9907834101382489 0
1626470336782 0.9723502304147466 0
1626470339796 0.9907834101382489 0
1626470342764 0.967741935483871 0
1626470345733 0.9861751152073732 0
1626470348751 0.9631336405529954 0
1626470351728 0.9861751152073732 0
1626470354709 0.9769585253456221 0
1626470357719 0.967741935483871 0
1626470360808 0.9631336405529954 0
1626470364018 0.9769585253456221 0
1626470366993 0.9815668202764977 0
1626470370008 0.9861751152073732 0
1626470372975 0.9861751152073732 0
1626470375968 0.9769585253456221 0
1626470378920 0.9907834101382489 0
1626470381923 0.9815668202764977 0
1626470384895 0.9953917050691244 0
1626470387886 0.9539170506912442 0
1626470390916 0.9815668202764977 0
1626470393942 0.9308755760368663 0
