1626662002929 0.4838709677419355 0
1626662008541 0.5806451612903226 0
1626662014180 0.5668202764976958 0
1626662019809 0.6036866359447005 0
1626662025437 0.6036866359447005 0
1626662031239 0.6405529953917051 0
1626662036835 0.6589861751152074 0
1626662042436 0.728110599078341 0
1626662048010 0.7373271889400922 0
1626662053807 0.7235023041474654 0
1626662059628 0.7788018433179723 0
1626662065435 0.783410138248848 0
1626662071048 0.783410138248848 0
1626662076641 0.7603686635944701 0
1626662082214 0.7695852534562212 0
1626662088029 0.7557603686635944 0
1626662093609 0.8064516129032258 0
1626662099414 0.7788018433179723 0
1626662105015 0.7788018433179723 0
1626662110614 0.783410138248848 0
1626662116246 0.8018433179723502 0
1626662121826 0.7741935483870968 0
1626662127468 0.8064516129032258 0
1626662133124 0.8018433179723502 0
1626662138724 0.8110599078341014 0
1626662144346 0.7926267281105991 0
1626662149984 0.8110599078341014 0
1626662155587 0.8110599078341014 0
1626662161181 0.8248847926267281 0
1626662166816 0.7972350230414746 0
1626662172452 0.8110599078341014 0
1626662178134 0.7926267281105991 0
1626662183737 0.8248847926267281 0
1626662189579 0.8571428571428571 0
1626662195390 0.8341013824884793 0
1626662200991 0.8202764976958525 0
1626662206635 0.8341013824884793 0
1626662212245 0.8433179723502304 0
1626662218077 0.8571428571428571 0
1626662223912 0.8433179723502304 0
1626662229709 0.8387096774193549 0
1626662235506 0.8202764976958525 0
1626662241321 0.8433179723502304 0
1626662246933 0.815668202764977 0
1626662252555 0.8571428571428571 0
1626662258185 0.8617511520737328 0
1626662264000 0.8709677419354839 0
1626662269829 0.8525345622119815 0
1626662275486 0.8571428571428571 0
1626662281117 0.847926267281106 0
1626662286773 0.8525345622119815 0
1626662292352 0.8525345622119815 0
1626662298176 0.8663594470046083 0
1626662303977 0.8525345622119815 0
1626662309793 0.8341013824884793 0
1626662315405 0.880184331797235 0
1626662321134 0.8525345622119815 0
1626662326731 0.880184331797235 0
1626662332360 0.880184331797235 0
1626662338055 0.8663594470046083 0
1626662343893 0.8387096774193549 0
1626662349710 0.8755760368663594 0
1626662355526 0.8617511520737328 0
1626662361113 0.880184331797235 0
1626662366697 0.8571428571428571 0
1626662372278 0.9078341013824884 0
1626662377898 0.9216589861751152 0
1626662383511 0.8617511520737328 0
1626662389338 0.8847926267281105 0
1626662395150 0.8847926267281105 0
1626662400738 0.8847926267281105 0
1626662406337 0.8894009216589862 0
1626662411942 0.8755760368663594 0
1626662417544 0.8986175115207373 0
1626662423154 0.8894009216589862 0
1626662428838 0.9078341013824884 0
1626662434444 0.8847926267281105 0
1626662440092 0.9078341013824884 0
1626662445718 0.9216589861751152 0
1626662451359 0.9032258064516129 0
1626662456955 0.8940092165898618 0
1626662462553 0.9032258064516129 0
1626662468207 0.9032258064516129 0
1626662473858 0.9354838709677419 0
1626662479535 0.9032258064516129 0
1626662485160 0.8847926267281105 0
1626662490792 0.9032258064516129 0
1626662496400 0.8755760368663594 0
1626662502219 0.9032258064516129 0
1626662507808 0.8986175115207373 0
1626662513395 0.9032258064516129 0
1626662519207 0.8847926267281105 0
1626662524783 0.8986175115207373 0
1626662530607 0.9078341013824884 0
1626662536427 0.9124423963133641 0
1626662542041 0.9262672811059908 0
1626662547676 0.9262672811059908 0
1626662553315 0.9400921658986175 0
1626662558899 0.9216589861751152 0
1626662564537 0.9078341013824884 0
1626662570377 0.8894009216589862 0
1626662576195 0.8940092165898618 0
1626662582017 0.9078341013824884 0
1626662587845 0.9308755760368663 0
1626662593456 0.8986175115207373 0
1626662599096 0.9262672811059908 0
1626662604701 0.9400921658986175 0
1626662610334 0.9216589861751152 0
1626662615952 0.9354838709677419 0
1626662621548 0.9216589861751152 0
1626662627370 0.9124423963133641 0
1626662633196 0.9216589861751152 0
1626662639025 0.9447004608294931 0
1626662644839 0.9124423963133641 0
1626662650678 0.8986175115207373 0
1626662656284 0.9493087557603687 0
1626662661891 0.9170506912442397 0
1626662667500 0.9170506912442397 0
1626662673294 0.9585253456221198 0
1626662678915 0.9493087557603687 0
1626662684543 0.9308755760368663 0
1626662690183 0.9447004608294931 0
1626662695781 0.9032258064516129 0
1626662701406 0.9308755760368663 0
1626662707001 0.9078341013824884 0
1626662712606 0.9078341013824884 0
1626662718201 0.9354838709677419 0
1626662723823 0.9308755760368663 0
1626662729426 0.9216589861751152 0
1626662735256 0.9308755760368663 0
1626662741065 0.9308755760368663 0
1626662746883 0.9170506912442397 0
1626662752713 0.9216589861751152 0
1626662758563 0.8894009216589862 0
1626662764436 0.9170506912442397 0
1626662770263 0.9216589861751152 0
1626662775874 0.9124423963133641 0
1626662781485 0.9216589861751152 0
1626662787114 0.9354838709677419 0
1626662792718 0.9078341013824884 0
1626662798346 0.9170506912442397 0
1626662803966 0.9032258064516129 0
1626662809792 0.9262672811059908 0
1626662815416 0.9400921658986175 0
1626662821068 0.9400921658986175 0
1626662826701 0.9078341013824884 0
1626662832375 0.9447004608294931 0
1626662837998 0.9354838709677419 0
1626662843650 0.9032258064516129 0
