1626662002928 0.7053689492462967 0
1626662008539 0.681916377511442 0
1626662014177 0.675199502624125 0
1626662019806 0.6713132891237461 0
1626662025435 0.6581169998590848 0
1626662031237 0.644623498213456 0
1626662036833 0.6241288174132598 0
1626662042434 0.610504286629813 0
1626662048009 0.5997957982775253 0
1626662053805 0.5885947538960364 0
1626662059626 0.5585553610379794 0
1626662065433 0.5488660288845888 0
1626662071046 0.5358939342509766 0
1626662076640 0.5318837623167697 0
1626662082213 0.5230795859191825 0
1626662088027 0.5125149683468903 0
1626662093608 0.4977697735557908 0
1626662099412 0.4961796974256841 0
1626662105013 0.48857408954251197 0
1626662110613 0.4831745825055557 0
1626662116245 0.4699593356677464 0
1626662121825 0.46675512647848527 0
1626662127467 0.4587116378792969 0
1626662133123 0.4229538295126181 0
1626662138722 0.4418382917955724 0
1626662144345 0.4291748822010058 0
1626662149982 0.43369674737552344 0
1626662155585 0.41182009360757293 0
1626662161179 0.44009740149370535 0
1626662166815 0.41020190743257373 0
1626662172450 0.42368439512868084 0
1626662178133 0.43025578771318707 0
1626662183735 0.38936102136214207 0
1626662189577 0.39676968595399287 0
1626662195387 0.37493414538247244 0
1626662200990 0.4008794281339865 0
1626662206634 0.3668921795858216 0
1626662212243 0.39607981053365543 0
1626662218075 0.3624585126676867 0
1626662223911 0.3379570806081394 0
1626662229708 0.35357131057071245 0
1626662235505 0.3858133606647017 0
1626662241319 0.3456532331655652 0
1626662246931 0.38003144121389787 0
1626662252554 0.361841029560511 0
1626662258182 0.34175718393743315 0
1626662263998 0.31620939220151595 0
1626662269827 0.33665658341300103 0
1626662275484 0.3302014390444426 0
1626662281115 0.34096566240908366 0
1626662286771 0.3244693217464306 0
1626662292351 0.34582401145987796 0
1626662298175 0.3235895449664736 0
1626662303976 0.3530026557533422 0
1626662309791 0.3596246045443319 0
1626662315404 0.2928650095578163 0
1626662321133 0.29998898080417086 0
1626662326729 0.2988457742923965 0
1626662332359 0.29540303830177556 0
1626662338054 0.3020478385384731 0
1626662343891 0.3615910649848973 0
1626662349708 0.3128303212504233 0
1626662355524 0.3244361505942411 0
1626662361111 0.2917689593843601 0
1626662366695 0.3097968755229827 0
1626662372277 0.29858156489337095 0
1626662377897 0.24217402591683349 0
1626662383510 0.2863707547912949 0
1626662389335 0.2890459606724401 0
1626662395148 0.2780573940771516 0
1626662400737 0.27980958563940866 0
1626662406335 0.27183879410616263 0
1626662411940 0.3126217832763074 0
1626662417543 0.26750607410883576 0
1626662423152 0.2591866106481596 0
1626662428836 0.2525261485356889 0
1626662434442 0.2670570340024711 0
1626662440091 0.2526631770046076 0
1626662445716 0.24876451258835156 0
1626662451357 0.25060944454873213 0
1626662456953 0.266128351405469 0
1626662462551 0.24672011983010075 0
1626662468205 0.2450762983016704 0
1626662473855 0.22277380477997563 0
1626662479534 0.23595470739399782 0
1626662485157 0.2550343266829917 0
1626662490791 0.2344321075672378 0
1626662496397 0.26555500045624747 0
1626662502218 0.24741839524787693 0
1626662507807 0.2363323785604969 0
1626662513394 0.2328631887856167 0
1626662519206 0.2519806324062259 0
1626662524782 0.23602116444418508 0
1626662530606 0.22773922725756596 0
1626662536426 0.2205560447708253 0
1626662542040 0.220131693141801 0
1626662547674 0.20362058323099866 0
1626662553314 0.19348565588623698 0
1626662558898 0.20976858987786254 0
1626662564535 0.22412500746788516 0
1626662570376 0.24686956165298338 0
1626662576194 0.23593950168603026 0
1626662582014 0.21860947717444687 0
1626662587844 0.2126044499159958 0
1626662593454 0.25537249981533 0
1626662599094 0.20644481816599447 0
1626662604699 0.20710257039092103 0
1626662610333 0.20708907811048394 0
1626662615950 0.1958864753216093 0
1626662621547 0.1852239936178181 0
1626662627368 0.23300608443225035 0
1626662633194 0.20369766219969718 0
1626662639023 0.19149146023021865 0
1626662644837 0.21913887100285648 0
1626662650675 0.2253518258371661 0
1626662656282 0.1912555398273578 0
1626662661889 0.20811599911907303 0
1626662667499 0.21361636257116695 0
1626662673293 0.18641792656639206 0
1626662678913 0.1845868657673559 0
1626662684541 0.2036631486382902 0
1626662690182 0.18548451618115475 0
1626662695779 0.24572763542219792 0
1626662701405 0.1731397985450683 0
1626662707000 0.22148866975499737 0
1626662712604 0.21518527582493796 0
1626662718199 0.1935307380103845 0
1626662723822 0.21151274875287088 0
1626662729425 0.20616690464283463 0
1626662735255 0.20168210833852743 0
1626662741062 0.19794012970089364 0
1626662746880 0.21776561130027067 0
1626662752711 0.20260205871773207 0
1626662758562 0.24953172620265715 0
1626662764434 0.20801535111418518 0
1626662770261 0.1960053839441818 0
1626662775873 0.20599411379906438 0
1626662781484 0.20404580369385705 0
1626662787113 0.18280247567985464 0
1626662792716 0.21028115315371396 0
1626662798344 0.1973922904323323 0
1626662803965 0.20936583346485543 0
1626662809789 0.17244789175998232 0
1626662815413 0.16884727487640996 0
1626662821067 0.18260383386216406 0
1626662826699 0.1992189051231481 0
1626662832373 0.18510960447623434 0
1626662837997 0.17741750970414158 0
1626662843647 0.22397019621413974 0
