1626746438226 0.7216538558907223 0
1626746441427 0.7021082351284642 0
1626746444427 0.719059583228854 0
1626746447657 0.7147008109202583 0
1626746450627 0.7007757834575143 0
1626746453650 0.697622638693603 0
1626746456620 0.703813126559631 0
1626746459635 0.6883244986907677 0
1626746462611 0.6963264656506376 0
1626746465588 0.6932458863829687 0
1626746468801 0.6824728876764324 0
1626746471993 0.6801588889640597 0
1626746475208 0.6882949169330334 0
1626746478428 0.6719797209660578 0
1626746481414 0.6716422562225624 0
1626746484411 0.6820482001875952 0
1626746487397 0.670967448142267 0
1626746490398 0.6597318954182111 0
1626746493394 0.6652500209171102 0
1626746496486 0.662640357347128 0
1626746499565 0.6548558904828015 0
1626746502556 0.6590793932088509 0
1626746505551 0.650299638921764 0
1626746508753 0.6478602328608113 0
1626746511982 0.6424564029763921 0
1626746515201 0.6510384505794894 0
1626746518406 0.6369073053109481 0
1626746521630 0.6331983725046781 0
1626746524828 0.6365525651087959 0
1626746528055 0.6342576632301928 0
1626746531295 0.6303726569298775 0
1626746534482 0.6346876536096845 0
1626746537718 0.6309202980885308 0
1626746540710 0.6369517580155404 0
1626746543915 0.6196637823834398 0
1626746547139 0.6229961863311205 0
1626746550162 0.6175296152791669 0
1626746553138 0.6248909479462057 0
1626746556144 0.605718956564978 0
1626746559128 0.6164701993014955 0
1626746562138 0.6074535085858288 0
1626746565123 0.6125936983367815 0
1626746568094 0.6037402191469746 0
1626746571111 0.6035073374822941 0
1626746574119 0.6070740563528878 0
1626746577145 0.5912021953389391 0
1626746580157 0.594284409202189 0
1626746583161 0.5964004004605904 0
1626746586175 0.5927720690652523 0
1626746589187 0.5862880788640492 0
1626746592245 0.5882473947815082 0
1626746595239 0.5932822205503965 0
1626746598341 0.5859865576440838 0
1626746601441 0.6031208409142385 0
1626746604445 0.5969735120298676 0
1626746607657 0.5859591927945889 0
1626746610665 0.5870443239190062 0
1626746613885 0.5858492093152164 0
1626746616897 0.5659765202878257 0
1626746619885 0.5808393452574031 0
1626746622877 0.5873890747123051 0
1626746625864 0.5813377068339405 0
1626746628827 0.5786703270151868 0
1626746631842 0.5730080675968926 0
1626746634842 0.5822882861036309 0
1626746638059 0.570916098933066 0
1626746641266 0.5610033174813618 0
1626746644244 0.5705922430012084 0
1626746647236 0.5638234170351161 0
1626746650234 0.567027024409738 0
1626746653313 0.5576653227828066 0
1626746656297 0.5591088641898423 0
1626746659273 0.5746846723666389 0
1626746662459 0.5500791070098701 0
1626746665467 0.5533653599325963 0
1626746668518 0.5676318052726956 0
1626746671526 0.5635641991817457 0
1626746674523 0.5526978280137761 0
1626746677559 0.5483473511884839 0
1626746680816 0.548950204102125 0
1626746683819 0.5563773284859371 0
1626746686842 0.5425636262937625 0
1626746690067 0.5521862696392745 0
1626746693317 0.5474423046485619 0
1626746696298 0.5438027799404161 0
1626746699301 0.5532421681188768 0
1626746702315 0.5538249727218382 0
1626746705324 0.5494186639236415 0
1626746708348 0.5445795306412305 0
1626746711395 0.5523693806015402 0
1626746714395 0.5369090292310934 0
1626746717399 0.5558090363779375 0
1626746720392 0.5431404091795469 0
1626746723384 0.5326043026787894 0
1626746726394 0.5390189660858998 0
1626746729434 0.5293547967062567 0
1626746732464 0.543708580704878 0
1626746735485 0.5179565011905635 0
1626746738454 0.5304025352550542 0
1626746741469 0.5338389719686201 0
1626746744475 0.5420656528341056 0
1626746747677 0.5355292737209303 0
1626746750879 0.5259224418121549 0
1626746754109 0.5336936487030873 0
1626746757089 0.5354900222769531 0
1626746760177 0.5368556767564765 0
1626746763187 0.5172513358054622 0
1626746766199 0.5262332517430529 0
1626746769194 0.5206127345287306 0
1626746772409 0.5239660204280906 0
1626746775622 0.5334062492517831 0
1626746778844 0.5143871766081604 0
1626746781839 0.5220631502465718 0
1626746784851 0.5250999507266805 0
1626746787895 0.5306339222714648 0
1626746790890 0.5322596309921159 0
1626746793914 0.525016240260568 0
1626746796969 0.5332803138390115 0
1626746800003 0.5178837325715799 0
1626746803046 0.5159877972668766 0
1626746806070 0.5237359511687459 0
1626746809091 0.5079300128919189 0
1626746812085 0.518093359497835 0
1626746815085 0.5266743203461994 0
1626746818073 0.5238388407340248 0
1626746821057 0.5183572752684492 0
1626746824061 0.5213416740641615 0
1626746827094 0.5172314594418222 0
1626746830313 0.5173671190639795 0
1626746833302 0.5119585750564453 0
1626746836309 0.5142850991218321 0
1626746839362 0.5070936196410711 0
1626746842361 0.5073798826213256 0
1626746845392 0.5213605050117739 0
1626746848403 0.5159950484328556 0
1626746851472 0.5028994253703526 0
1626746854495 0.5219172431576636 0
1626746857494 0.5122302910699273 0
1626746860509 0.508298898072836 0
1626746863573 0.5111024140762294 0
1626746866549 0.5080738295607853 0
1626746869553 0.5126000612562153 0
1626746872566 0.49210647448966033 0
1626746875568 0.4958492402107485 0
1626746878575 0.5068963562837944 0
1626746881779 0.5037592643966323 0
1626746884778 0.510012720312391 0
1626746887815 0.4936131997042537 0
1626746891045 0.531864001728972 0
