1626746438227 0.4377880184331797 0
1626746441428 0.5345622119815668 0
1626746444428 0.45622119815668205 0
1626746447659 0.4608294930875576 0
1626746450628 0.4792626728110599 0
1626746453651 0.4838709677419355 0
1626746456621 0.5069124423963134 0
1626746459637 0.5345622119815668 0
1626746462613 0.4838709677419355 0
1626746465589 0.5483870967741935 0
1626746468802 0.5622119815668203 0
1626746471995 0.5576036866359447 0
1626746475209 0.5483870967741935 0
1626746478430 0.5990783410138248 0
1626746481416 0.5852534562211982 0
1626746484414 0.5622119815668203 0
1626746487399 0.5576036866359447 0
1626746490400 0.5852534562211982 0
1626746493396 0.5622119815668203 0
1626746496487 0.543778801843318 0
1626746499566 0.5714285714285714 0
1626746502557 0.6036866359447005 0
1626746505552 0.5944700460829493 0
1626746508755 0.6221198156682027 0
1626746511984 0.6589861751152074 0
1626746515203 0.6267281105990783 0
1626746518407 0.6866359447004609 0
1626746521631 0.6866359447004609 0
1626746524829 0.663594470046083 0
1626746528057 0.6082949308755761 0
1626746531297 0.631336405529954 0
1626746534485 0.6820276497695853 0
1626746537720 0.6497695852534562 0
1626746540711 0.6359447004608295 0
1626746543917 0.6728110599078341 0
1626746547141 0.7188940092165899 0
1626746550164 0.6866359447004609 0
1626746553139 0.6912442396313364 0
1626746556145 0.7419354838709677 0
1626746559130 0.6774193548387096 0
1626746562139 0.7096774193548387 0
1626746565125 0.7050691244239631 0
1626746568096 0.728110599078341 0
1626746571112 0.6866359447004609 0
1626746574120 0.7142857142857143 0
1626746577147 0.7465437788018433 0
1626746580158 0.7373271889400922 0
1626746583162 0.7465437788018433 0
1626746586176 0.7557603686635944 0
1626746589188 0.783410138248848 0
1626746592247 0.7235023041474654 0
1626746595241 0.7004608294930875 0
1626746598343 0.7188940092165899 0
1626746601443 0.7142857142857143 0
1626746604448 0.7096774193548387 0
1626746607658 0.7741935483870968 0
1626746610666 0.728110599078341 0
1626746613886 0.783410138248848 0
1626746616899 0.7465437788018433 0
1626746619887 0.7419354838709677 0
1626746622878 0.7188940092165899 0
1626746625866 0.7465437788018433 0
1626746628829 0.7741935483870968 0
1626746631843 0.7465437788018433 0
1626746634843 0.7327188940092166 0
1626746638060 0.7465437788018433 0
1626746641267 0.7788018433179723 0
1626746644246 0.7603686635944701 0
1626746647238 0.7649769585253456 0
1626746650235 0.783410138248848 0
1626746653314 0.783410138248848 0
1626746656299 0.7788018433179723 0
1626746659274 0.7603686635944701 0
1626746662460 0.7972350230414746 0
1626746665468 0.7649769585253456 0
1626746668519 0.7695852534562212 0
1626746671529 0.7880184331797235 0
1626746674526 0.7511520737327189 0
1626746677562 0.783410138248848 0
1626746680818 0.7926267281105991 0
1626746683821 0.7880184331797235 0
1626746686844 0.7972350230414746 0
1626746690069 0.8248847926267281 0
1626746693319 0.8018433179723502 0
1626746696300 0.7695852534562212 0
1626746699303 0.783410138248848 0
1626746702318 0.7880184331797235 0
1626746705326 0.7557603686635944 0
1626746708350 0.7880184331797235 0
1626746711397 0.7741935483870968 0
1626746714397 0.7788018433179723 0
1626746717400 0.7649769585253456 0
1626746720395 0.815668202764977 0
1626746723386 0.8110599078341014 0
1626746726395 0.7788018433179723 0
1626746729435 0.8202764976958525 0
1626746732467 0.8018433179723502 0
1626746735486 0.8341013824884793 0
1626746738455 0.8202764976958525 0
1626746741471 0.7926267281105991 0
1626746744477 0.8064516129032258 0
1626746747678 0.7972350230414746 0
1626746750880 0.815668202764977 0
1626746754111 0.7926267281105991 0
1626746757091 0.7695852534562212 0
1626746760179 0.7649769585253456 0
1626746763189 0.8341013824884793 0
1626746766200 0.8294930875576036 0
1626746769196 0.8294930875576036 0
1626746772410 0.815668202764977 0
1626746775624 0.7880184331797235 0
1626746778845 0.815668202764977 0
1626746781840 0.8110599078341014 0
1626746784852 0.8294930875576036 0
1626746787897 0.8018433179723502 0
1626746790891 0.8064516129032258 0
1626746793916 0.8248847926267281 0
1626746796971 0.7880184331797235 0
1626746800004 0.8248847926267281 0
1626746803047 0.8341013824884793 0
1626746806071 0.815668202764977 0
1626746809092 0.7972350230414746 0
1626746812086 0.8064516129032258 0
1626746815087 0.7972350230414746 0
1626746818074 0.7926267281105991 0
1626746821058 0.8248847926267281 0
1626746824064 0.8294930875576036 0
1626746827095 0.8248847926267281 0
1626746830315 0.8018433179723502 0
1626746833304 0.8341013824884793 0
1626746836312 0.8387096774193549 0
1626746839363 0.8341013824884793 0
1626746842363 0.8387096774193549 0
1626746845395 0.8341013824884793 0
1626746848404 0.8064516129032258 0
1626746851474 0.8294930875576036 0
1626746854498 0.7926267281105991 0
1626746857495 0.8341013824884793 0
1626746860512 0.8064516129032258 0
1626746863575 0.8110599078341014 0
1626746866550 0.8248847926267281 0
1626746869556 0.8294930875576036 0
1626746872568 0.8663594470046083 0
1626746875569 0.8294930875576036 0
1626746878576 0.8202764976958525 0
1626746881780 0.847926267281106 0
1626746884779 0.8064516129032258 0
1626746887817 0.8617511520737328 0
1626746891046 0.8018433179723502 0
