1626665019739 0.511520737327189 0
1626665024394 0.5668202764976958 0
1626665029012 0.6543778801843319 0
1626665033616 0.6912442396313364 0
1626665038220 0.7188940092165899 0
1626665042836 0.7004608294930875 0
1626665047443 0.728110599078341 0
1626665052038 0.7373271889400922 0
1626665056664 0.7004608294930875 0
1626665061254 0.7741935483870968 0
1626665065854 0.7465437788018433 0
1626665070469 0.7695852534562212 0
1626665075078 0.7741935483870968 0
1626665079674 0.783410138248848 0
1626665084309 0.7603686635944701 0
1626665088941 0.7741935483870968 0
1626665093560 0.7419354838709677 0
1626665098233 0.7926267281105991 0
1626665102844 0.7649769585253456 0
1626665107446 0.7972350230414746 0
1626665112090 0.815668202764977 0
1626665116750 0.815668202764977 0
1626665121430 0.7557603686635944 0
1626665126037 0.8341013824884793 0
1626665130673 0.8018433179723502 0
1626665135277 0.783410138248848 0
1626665139879 0.815668202764977 0
1626665144520 0.8433179723502304 0
1626665149124 0.8248847926267281 0
1626665153734 0.8387096774193549 0
1626665158366 0.8294930875576036 0
1626665163197 0.8294930875576036 0
1626665168040 0.8248847926267281 0
1626665172890 0.8663594470046083 0
1626665177515 0.8525345622119815 0
1626665182370 0.8755760368663594 0
1626665186986 0.8663594470046083 0
1626665191628 0.8525345622119815 0
1626665196452 0.8617511520737328 0
1626665201293 0.8663594470046083 0
1626665205978 0.8617511520737328 0
1626665210577 0.880184331797235 0
1626665215173 0.847926267281106 0
1626665219789 0.8571428571428571 0
1626665224419 0.8433179723502304 0
1626665229262 0.8294930875576036 0
1626665234124 0.8617511520737328 0
1626665238966 0.8755760368663594 0
1626665243558 0.847926267281106 0
1626665248185 0.880184331797235 0
1626665252906 0.8525345622119815 0
1626665257523 0.8433179723502304 0
1626665262126 0.8617511520737328 0
1626665266747 0.8341013824884793 0
1626665271360 0.8433179723502304 0
1626665275969 0.8894009216589862 0
1626665280569 0.8940092165898618 0
1626665285180 0.8709677419354839 0
1626665289906 0.8433179723502304 0
1626665294502 0.8894009216589862 0
1626665299128 0.8433179723502304 0
1626665303766 0.8110599078341014 0
1626665308593 0.847926267281106 0
1626665313434 0.8894009216589862 0
1626665318008 0.8940092165898618 0
1626665322623 0.8709677419354839 0
1626665327239 0.8755760368663594 0
1626665331825 0.9124423963133641 0
1626665336451 0.8571428571428571 0
1626665341264 0.8387096774193549 0
1626665346081 0.9170506912442397 0
1626665350902 0.8709677419354839 0
1626665355738 0.8617511520737328 0
1626665360358 0.8940092165898618 0
1626665365013 0.9078341013824884 0
1626665369846 0.9032258064516129 0
1626665374672 0.8894009216589862 0
1626665379512 0.8894009216589862 0
1626665384345 0.9124423963133641 0
1626665389201 0.8847926267281105 0
1626665394042 0.880184331797235 0
1626665398901 0.8755760368663594 0
1626665403719 0.8940092165898618 0
1626665408567 0.8986175115207373 0
1626665413164 0.8986175115207373 0
1626665417770 0.8433179723502304 0
1626665422372 0.847926267281106 0
1626665426975 0.847926267281106 0
1626665431599 0.8894009216589862 0
1626665436221 0.8894009216589862 0
1626665441094 0.8663594470046083 0
1626665445938 0.8248847926267281 0
1626665450548 0.8663594470046083 0
1626665455181 0.8709677419354839 0
1626665459790 0.8571428571428571 0
1626665464393 0.8940092165898618 0
1626665469019 0.8894009216589862 0
1626665473692 0.8894009216589862 0
1626665478299 0.9124423963133641 0
1626665483014 0.880184331797235 0
1626665487607 0.8986175115207373 0
1626665492259 0.8617511520737328 0
1626665496893 0.9078341013824884 0
1626665501498 0.8894009216589862 0
1626665506114 0.8847926267281105 0
1626665510745 0.8940092165898618 0
1626665515381 0.8617511520737328 0
1626665520116 0.880184331797235 0
1626665524750 0.9216589861751152 0
1626665529360 0.880184331797235 0
1626665533986 0.8709677419354839 0
1626665538608 0.8755760368663594 0
1626665543234 0.8894009216589862 0
1626665547937 0.9078341013824884 0
1626665552788 0.8847926267281105 0
1626665557377 0.8755760368663594 0
1626665561977 0.8986175115207373 0
1626665566594 0.8571428571428571 0
1626665571200 0.9078341013824884 0
1626665575835 0.880184331797235 0
1626665580447 0.8847926267281105 0
1626665585065 0.8755760368663594 0
1626665589940 0.8755760368663594 0
1626665594802 0.8847926267281105 0
1626665599633 0.8894009216589862 0
1626665604252 0.8847926267281105 0
1626665608910 0.8894009216589862 0
1626665613781 0.8847926267281105 0
1626665618637 0.8755760368663594 0
1626665623492 0.8940092165898618 0
1626665628329 0.8847926267281105 0
1626665633200 0.8755760368663594 0
1626665637862 0.9124423963133641 0
1626665642519 0.8709677419354839 0
1626665647190 0.9216589861751152 0
1626665651818 0.9170506912442397 0
1626665656441 0.8709677419354839 0
1626665661105 0.8986175115207373 0
1626665665710 0.9078341013824884 0
1626665670336 0.8986175115207373 0
1626665674951 0.8755760368663594 0
1626665679596 0.8663594470046083 0
1626665684244 0.9170506912442397 0
1626665688849 0.9308755760368663 0
1626665693479 0.8986175115207373 0
1626665698110 0.8986175115207373 0
1626665702722 0.8847926267281105 0
1626665707559 0.8986175115207373 0
1626665712192 0.8847926267281105 0
