1626665019738 0.6937322177095897 0
1626665024392 0.6702445141181418 0
1626665029010 0.6414051726117113 0
1626665033615 0.61062753722415 0
1626665038219 0.5808521187799867 0
1626665042835 0.5644956167941818 0
1626665047442 0.5454449148222049 0
1626665052036 0.5168685599955546 0
1626665056662 0.5279629760623528 0
1626665061253 0.5155296962931409 0
1626665065852 0.48543778789757586 0
1626665070467 0.4861644531175288 0
1626665075076 0.4469505515516079 0
1626665079672 0.4529892761037097 0
1626665084306 0.49615572454742574 0
1626665088939 0.4474104581065991 0
1626665093559 0.5081029130566505 0
1626665098231 0.4248556516686892 0
1626665102842 0.4986512718662139 0
1626665107444 0.4419325143785521 0
1626665112089 0.4330229395270897 0
1626665116747 0.4094681180841912 0
1626665121427 0.48009125263460223 0
1626665126034 0.37123359183561966 0
1626665130671 0.38965605013930854 0
1626665135274 0.40180971627960554 0
1626665139877 0.38210632916419734 0
1626665144518 0.3332350274659522 0
1626665149123 0.3704657973507033 0
1626665153733 0.3636168605446266 0
1626665158365 0.4024952916505699 0
1626665163196 0.3626213193214434 0
1626665168038 0.38280459153487384 0
1626665172888 0.34063855280524574 0
1626665177514 0.3169468340511146 0
1626665182369 0.2827592781886527 0
1626665186984 0.3280820177722087 0
1626665191627 0.33995490716899046 0
1626665196451 0.3153025279946042 0
1626665201291 0.28876592459217193 0
1626665205976 0.28630726911505244 0
1626665210576 0.3061163999517942 0
1626665215172 0.35701360845346053 0
1626665219787 0.305336034243008 0
1626665224417 0.31754513393898715 0
1626665229260 0.3522864942726452 0
1626665234123 0.32572562848368 0
1626665238964 0.2877509382463271 0
1626665243557 0.3261337074266601 0
1626665248184 0.3038644653311523 0
1626665252904 0.32586542952994596 0
1626665257520 0.3471910713180419 0
1626665262124 0.280228627304877 0
1626665266744 0.34242525490747616 0
1626665271358 0.34618348981927616 0
1626665275967 0.29428622305118546 0
1626665280567 0.24808976109126746 0
1626665285179 0.29089574316679606 0
1626665289905 0.3272119646522856 0
1626665294500 0.27626846545302924 0
1626665299127 0.36700400710105896 0
1626665303765 0.36219990349585013 0
1626665308592 0.3445019248169139 0
1626665313432 0.29791309385805087 0
1626665318007 0.3303254162935617 0
1626665322620 0.3053789379135255 0
1626665327238 0.2722734929779158 0
1626665331824 0.25599424135849774 0
1626665336449 0.3078792924705189 0
1626665341262 0.32354482939715756 0
1626665346080 0.2308228239760421 0
1626665350900 0.2914171190031113 0
1626665355735 0.3206916925269887 0
1626665360357 0.2885789125471071 0
1626665365012 0.21992362905207866 0
1626665369844 0.24168790485452396 0
1626665374670 0.2323035807928182 0
1626665379510 0.2895292778443631 0
1626665384344 0.2196536112216211 0
1626665389199 0.28324900972678363 0
1626665394040 0.3182855366561819 0
1626665398899 0.25631556821308926 0
1626665403717 0.29763071177192546 0
1626665408564 0.30924218247563057 0
1626665413163 0.28742814421104396 0
1626665417769 0.35320444068601053 0
1626665422370 0.4001150758859749 0
1626665426973 0.328173917284759 0
1626665431598 0.282854991849117 0
1626665436219 0.2800395113806571 0
1626665441092 0.28951179061067817 0
1626665445937 0.326296834352379 0
1626665450547 0.3046771423882603 0
1626665455180 0.2981302029526179 0
1626665459788 0.2783124754505773 0
1626665464391 0.2765181829577767 0
1626665469016 0.285617902394264 0
1626665473690 0.28004346437717914 0
1626665478296 0.23348657367965592 0
1626665483013 0.2603315993937479 0
1626665487605 0.2728620150946252 0
1626665492257 0.27390541500210214 0
1626665496891 0.23873987738987268 0
1626665501496 0.2391898373854325 0
1626665506113 0.24811226266869751 0
1626665510742 0.2613236659682841 0
1626665515379 0.2824267273949039 0
1626665520113 0.28841113384967576 0
1626665524749 0.21747095065732155 0
1626665529357 0.24104565395737573 0
1626665533985 0.3078265121455566 0
1626665538606 0.295803119784676 0
1626665543231 0.2653168167936088 0
1626665547936 0.24446541894965457 0
1626665552786 0.2773441903052791 0
1626665557375 0.33504474423997416 0
1626665561975 0.25640630433636324 0
1626665566593 0.29449494698080597 0
1626665571198 0.228102007631882 0
1626665575834 0.2726296143872397 0
1626665580444 0.2324889868085835 0
1626665585062 0.3157294648034232 0
1626665589937 0.31142701874680234 0
1626665594800 0.2692411650435716 0
1626665599631 0.26393356548476327 0
1626665604250 0.291567459359147 0
1626665608909 0.2558014734824132 0
1626665613780 0.25447803103978733 0
1626665618634 0.3233271642214692 0
1626665623490 0.2779299548144714 0
1626665628326 0.2604648366501804 0
1626665633198 0.27240755659643956 0
1626665637859 0.2241054984831041 0
1626665642517 0.32757624200961555 0
1626665647188 0.22623588879536924 0
1626665651817 0.21381274236512074 0
1626665656440 0.3295230110120114 0
1626665661103 0.28705606111733045 0
1626665665709 0.2675279793651423 0
1626665670335 0.2618626879382243 0
1626665674949 0.25932950083561207 0
1626665679594 0.2693268780334754 0
1626665684243 0.24595757247665512 0
1626665688847 0.19725177886848624 0
1626665693477 0.24304831096653565 0
1626665698108 0.2142790017589446 0
1626665702719 0.2489949695525631 0
1626665707556 0.22704819009600696 0
1626665712191 0.2756173068202586 0
