SAの可視化編、SAの特徴マップが見たいSAのinputなしバージョン(SAの可視化はCAMのようにやって正規化を頑張った。)
input抜き、学習結果は省略してる(SAもサブプロットさせたため)
{'dataset_root': '../../datasets/Columbia/', 'train_list': 'data_manage/train_2.txt', 'val_list': 'data_manage/val_2.txt', 'test_list': 'data_manage/test_2.txt', 'cam_batch_size': 16, 'cam_network': 'resnet50_cam', 'cam_crop_size': 256, 'cam_output_class': 2, 'cam_learning_rate': 1e-05, 'cam_momentum': 0.99, 'cam_num_epochs': 150, 'cam_affine_degree': 5, 'cam_scale': (1.0, 1.5), 'cam_weights_name': 'sess/res50_cam.pth', 'cam_out_dir': 'result/cam/', 'segmentation_out_dir_CAM': 'result/seg/CAM/', 'segmentation_out_dir_CRF': 'result/seg/CRF/', 'train_cam_pass': 'False', 'eval_cam_pass': True, 'make_cam_pass': True, 'eval_seg_pass': True}
dataset_root ../../datasets/Columbia/
train_list data_manage/train_2.txt
val_list data_manage/val_2.txt
test_list data_manage/test_2.txt
cam_batch_size 16
cam_network resnet50_cam
cam_crop_size 256
cam_output_class 2
cam_learning_rate 1e-05
cam_momentum 0.99
cam_num_epochs 150
cam_affine_degree 5
cam_scale (1.0, 1.5)
cam_weights_name sess/res50_cam.pth
cam_out_dir result/cam/
segmentation_out_dir_CAM result/seg/CAM/
segmentation_out_dir_CRF result/seg/CRF/
train_cam_pass False
eval_cam_pass True
make_cam_pass True
eval_seg_pass True
data_manage/test_2.txt
36
36
test Loss: 0.6906 Acc: 0.6667
data_manage/test_2.txt
36
36
debug: [[-8.8210174e-05 -2.0334993e-04  2.2192846e-05 -8.7226172e-06
  -2.4056355e-05 -1.3093671e-05 -4.5665402e-05 -5.6178789e-05]
 [-1.8099122e-04 -1.6799386e-04 -4.3046512e-06 -2.0105279e-05
  -9.7335924e-06 -1.3511024e-05 -1.5522050e-05 -4.5151406e-05]
 [-5.3306998e-05 -2.6290783e-05 -3.1887928e-05 -6.2101694e-06
  -2.9397299e-05 -1.3535831e-05 -3.1022297e-05 -5.6789540e-05]
 [-3.4241193e-06 -1.5663589e-05 -1.2994578e-05 -7.7316508e-07
  -1.7705033e-05 -1.2629160e-05 -1.5500891e-05 -2.3171462e-05]
 [-8.0937152e-06 -2.4850009e-05 -7.6025972e-06 -8.2688239e-06
  -2.0296043e-06 -1.6317113e-05 -8.7412200e-06  6.0628236e-06]
 [-2.4660512e-05 -2.2177341e-05  2.7668517e-05 -6.0247221e-06
  -1.3728176e-05 -2.1185439e-05  1.2646204e-05  1.9007519e-05]
 [ 4.9435526e-05  9.5699921e-05  2.4202092e-05 -8.5705642e-06
  -1.1950462e-05 -2.6818763e-05  2.2369975e-05  1.2702859e-04]
 [ 1.6629253e-06  1.8799413e-04  2.6062222e-05 -4.5878201e-06
  -3.2464541e-05 -2.1838850e-06  9.5088006e-05  4.3948308e-05]]
=== SA_mean ===
-image_size (8, 8, 1)
-image_array_size 3
-SUM: 31.374736487865448
-MAX: 1.0
-MIN: 0.0
CRF Done!
canong3_05_sub_09 : TN ( 0 , 0 )
[[[ 75.02512  75.02512  75.02512 ...  95.89679  95.89679  95.89679]
  [ 75.02512  75.02512  75.02512 ...  95.89679  95.89679  95.89679]
  [ 75.02512  75.02512  75.02512 ...  95.89679  95.89679  95.89679]
  ...
  [133.58649 133.58649 133.58649 ... 161.13966 161.13966 161.13966]
  [133.58649 133.58649 133.58649 ... 161.13966 161.13966 161.13966]
  [133.58649 133.58649 133.58649 ... 161.13966 161.13966 161.13966]]]
debug: [[0.00037807 0.00049183 0.00023556 0.00044331 0.00043498 0.00035413
  0.00031691 0.00022789]
 [0.00042497 0.00046246 0.00031773 0.00041056 0.00037256 0.000353
  0.00034956 0.00034559]
 [0.00028306 0.00034992 0.00040957 0.00046061 0.00041456 0.00036796
  0.00035955 0.00030927]
 [0.00032813 0.00039904 0.00050169 0.00039577 0.00038503 0.00036864
  0.00037134 0.00036753]
 [0.000342   0.00042078 0.00052225 0.00031432 0.00035528 0.00037026
  0.00031104 0.00015205]
 [0.00031782 0.00040147 0.00050983 0.00033467 0.00035354 0.0003409
  0.00021195 0.00018273]
 [0.00031368 0.00042325 0.00045015 0.00042309 0.00028306 0.00037804
  0.00027231 0.00017098]
 [0.00031905 0.00032645 0.00054802 0.00031734 0.00019561 0.00034531
  0.00035183 0.0003703 ]]
=== SA_mean ===
-image_size (8, 8, 1)
-image_array_size 3
-SUM: 33.30817225575447
-MAX: 1.0
-MIN: 0.0
CRF Done!
canong3_05_sub_03 : FP ( 1 , 0 )
[[[145.55643  145.55643  145.55643  ...  48.840927  48.840927  48.840927]
  [145.55643  145.55643  145.55643  ...  48.840927  48.840927  48.840927]
  [145.55643  145.55643  145.55643  ...  48.840927  48.840927  48.840927]
  ...
  [107.546936 107.546936 107.546936 ... 140.54883  140.54883  140.54883 ]
  [107.546936 107.546936 107.546936 ... 140.54883  140.54883  140.54883 ]
  [107.546936 107.546936 107.546936 ... 140.54883  140.54883  140.54883 ]]]
debug: [[0.00017988 0.00018204 0.00022732 0.00024373 0.00024772 0.00016378
  0.00019291 0.00018728]
 [0.00020068 0.00018301 0.0002147  0.00024845 0.00021946 0.00018947
  0.00020601 0.00019216]
 [0.00017712 0.00016292 0.0002028  0.00027326 0.0004168  0.00038199
  0.00023626 0.00022327]
 [0.00022015 0.00018228 0.00021228 0.00032929 0.00043666 0.00044699
  0.00031189 0.00038033]
 [0.0001777  0.00016238 0.00020082 0.00043135 0.00024183 0.00029638
  0.00033043 0.00037514]
 [0.00017165 0.0002008  0.00019982 0.00023053 0.00023977 0.00024241
  0.00022755 0.00018668]
 [0.00021719 0.00035979 0.00021597 0.00028517 0.00038673 0.00027034
  0.00024979 0.00018928]
 [0.00020635 0.00034208 0.00050821 0.00026328 0.0004176  0.00027277
  0.00028381 0.00019899]]
=== SA_mean ===
-image_size (8, 8, 1)
-image_array_size 3
-SUM: 17.53187537600752
-MAX: 1.0
-MIN: 0.0
CRF Done!
canonxt_11_sub_02 : FP ( 1 , 0 )
[[[12.899312 12.899312 12.899312 ... 18.360163 18.360163 18.360163]
  [12.899312 12.899312 12.899312 ... 18.360163 18.360163 18.360163]
  [12.899312 12.899312 12.899312 ... 18.360163 18.360163 18.360163]
  ...
  [32.421627 32.421627 32.421627 ... 26.992054 26.992054 26.992054]
  [32.421627 32.421627 32.421627 ... 26.992054 26.992054 26.992054]
  [32.421627 32.421627 32.421627 ... 26.992054 26.992054 26.992054]]]
debug: [[5.3806859e-04 5.6720932e-04 5.4139702e-04 3.9217121e-04 4.5171950e-04
  4.4427146e-04 4.8594386e-04 3.2766117e-04]
 [3.9996547e-04 5.7695457e-04 5.8953126e-04 5.8347994e-04 4.6008127e-04
  5.8298820e-04 3.0107112e-04 3.3406337e-04]
 [2.6117728e-04 5.3023605e-04 5.8908766e-04 5.9485959e-04 5.6696089e-04
  5.9544551e-04 5.9325818e-04 5.9668761e-04]
 [2.5135666e-04 2.4266384e-04 4.2505903e-04 5.5844703e-04 5.3207076e-04
  3.3799137e-04 5.9088861e-04 5.9609627e-04]
 [2.2367547e-04 3.2022057e-04 2.6106992e-04 3.1610820e-04 1.9229333e-04
  3.2363238e-04 4.4557560e-04 3.0059888e-04]
 [2.9540388e-04 3.3171376e-04 3.0754897e-04 2.6667243e-04 3.7843923e-04
  4.3340397e-04 2.0633065e-04 2.5790106e-04]
 [1.6655774e-04 1.0760129e-04 1.2459655e-04 1.4565964e-04 3.2800165e-04
  4.3933824e-04 2.0656729e-04 1.8000766e-04]
 [1.7916234e-04 1.5164047e-04 5.2703548e-05 1.5334108e-04 4.4991387e-04
  3.0898029e-04 2.7481877e-04 3.2228447e-04]]
=== SA_mean ===
-image_size (8, 8, 1)
-image_array_size 3
-SUM: 37.71728161722422
-MAX: 1.0
-MIN: 0.0
CRF Done!
nikond70_canonxt_sub_12 : TP ( 1 , 1 )
[[[227.52153  227.52153  227.52153  ... 128.89017  128.89017  128.89017 ]
  [227.52153  227.52153  227.52153  ... 128.89017  128.89017  128.89017 ]
  [227.52153  227.52153  227.52153  ... 128.89017  128.89017  128.89017 ]
  ...
  [ 59.279297  59.279297  59.279297 ... 126.36976  126.36976  126.36976 ]
  [ 59.279297  59.279297  59.279297 ... 126.36976  126.36976  126.36976 ]
  [ 59.279297  59.279297  59.279297 ... 126.36976  126.36976  126.36976 ]]]
../../datasets/Columbia/mask_binary/nikond70_canonxt_sub_12_edgemask_3.jpg
debug: [[0.00016318 0.00012594 0.00012024 0.00017455 0.00020087 0.00028926
  0.00036321 0.00031323]
 [0.00025434 0.00014073 0.00012643 0.00018997 0.00020579 0.00030484
  0.00032293 0.00036734]
 [0.00029686 0.00031527 0.00017365 0.00031226 0.00024351 0.00021262
  0.00029437 0.00038602]
 [0.00025786 0.00023519 0.0002197  0.00032733 0.00032064 0.00034582
  0.00036127 0.00036705]
 [0.00024583 0.00026334 0.00027896 0.00029294 0.00027044 0.00020225
  0.00021997 0.00032865]
 [0.00021274 0.00023999 0.00023634 0.0002616  0.00025414 0.00013665
  0.00019326 0.00023361]
 [0.00018955 0.00015504 0.00017342 0.00023812 0.00027457 0.00036371
  0.00024067 0.00020314]
 [0.00021042 0.00019075 0.00015169 0.00011341 0.00028216 0.00033925
  0.00027439 0.00024997]]
=== SA_mean ===
-image_size (8, 8, 1)
-image_array_size 3
-SUM: 31.528105050325394
-MAX: 1.0
-MIN: 0.0
CRF Done!
nikond70_05_sub_05 : FP ( 1 , 0 )
[[[ 46.548992  46.548992  46.548992 ... 186.91135  186.91135  186.91135 ]
  [ 46.548992  46.548992  46.548992 ... 186.91135  186.91135  186.91135 ]
  [ 46.548992  46.548992  46.548992 ... 186.91135  186.91135  186.91135 ]
  ...
  [ 90.73974   90.73974   90.73974  ... 127.73495  127.73495  127.73495 ]
  [ 90.73974   90.73974   90.73974  ... 127.73495  127.73495  127.73495 ]
  [ 90.73974   90.73974   90.73974  ... 127.73495  127.73495  127.73495 ]]]
debug: [[0.00025844 0.0003131  0.00029283 0.00027065 0.00031247 0.00034802
  0.00036199 0.00042466]
 [0.0002607  0.00029884 0.00033731 0.0003386  0.00033996 0.00035595
  0.00040251 0.00026535]
 [0.00043619 0.00043382 0.00034827 0.0003683  0.00038976 0.00034198
  0.00037163 0.00027595]
 [0.00043695 0.0004367  0.00031937 0.00029931 0.00034389 0.0003007
  0.00031716 0.00029662]
 [0.00048484 0.00041111 0.00034545 0.00035566 0.00025693 0.00030219
  0.00027581 0.00029973]
 [0.00036252 0.00035357 0.00026097 0.00035187 0.00038114 0.00038103
  0.00044632 0.00023804]
 [0.00032807 0.00034512 0.00029934 0.00029973 0.00030566 0.00031483
  0.00029218 0.00019122]
 [0.00032324 0.0002841  0.00029621 0.00029651 0.00029697 0.00029638
  0.00029524 0.00029545]]
=== SA_mean ===
-image_size (8, 8, 1)
-image_array_size 3
-SUM: 30.40472549200058
-MAX: 1.0
-MIN: 0.0
CRF Done!
canonxt_05_sub_05 : FP ( 1 , 0 )
[[[ 58.382866  58.382866  58.382866 ... 202.73482  202.73482  202.73482 ]
  [ 58.382866  58.382866  58.382866 ... 202.73482  202.73482  202.73482 ]
  [ 58.382866  58.382866  58.382866 ... 202.73482  202.73482  202.73482 ]
  ...
  [114.65445  114.65445  114.65445  ...  90.51916   90.51916   90.51916 ]
  [114.65445  114.65445  114.65445  ...  90.51916   90.51916   90.51916 ]
  [114.65445  114.65445  114.65445  ...  90.51916   90.51916   90.51916 ]]]
debug: [[0.00036808 0.00029051 0.00026691 0.00033805 0.00033433 0.00032729
  0.00031732 0.00034599]
 [0.00028717 0.00025459 0.00028649 0.00028013 0.0003075  0.00032153
  0.0003862  0.00031003]
 [0.00027429 0.00017965 0.00028288 0.00029054 0.00032428 0.00031256
  0.00026336 0.00026795]
 [0.00034069 0.00015424 0.00018876 0.0002867  0.00034279 0.00028055
  0.00022551 0.00023573]
 [0.00030395 0.00028212 0.00030008 0.00027769 0.00029899 0.00025499
  0.00032355 0.00029889]
 [0.00031219 0.00027795 0.00027906 0.0002593  0.00030194 0.00034626
  0.00033758 0.00033522]
 [0.00027278 0.0002729  0.00031128 0.00025092 0.00026791 0.0003297
  0.00035713 0.00032796]
 [0.00027974 0.00030164 0.00029986 0.00025323 0.00026033 0.00031165
  0.00033152 0.00035604]]
=== SA_mean ===
-image_size (8, 8, 1)
-image_array_size 3
-SUM: 38.694990672171116
-MAX: 1.0
-MIN: 0.0
CRF Done!
canong3_nikond70_sub_19 : TP ( 1 , 1 )
[[[235.07996 235.07996 235.07996 ... 210.79373 210.79373 210.79373]
  [235.07996 235.07996 235.07996 ... 210.79373 210.79373 210.79373]
  [235.07996 235.07996 235.07996 ... 210.79373 210.79373 210.79373]
  ...
  [137.9717  137.9717  137.9717  ... 221.84424 221.84424 221.84424]
  [137.9717  137.9717  137.9717  ... 221.84424 221.84424 221.84424]
  [137.9717  137.9717  137.9717  ... 221.84424 221.84424 221.84424]]]
../../datasets/Columbia/mask_binary/canong3_nikond70_sub_19_edgemask_3.jpg
debug: [[2.3381632e-04 2.1508653e-04 3.6141591e-04 1.8787946e-04 1.5705453e-04
  2.7576662e-04 5.1760999e-04 4.2223348e-04]
 [1.7962867e-04 3.1760527e-04 4.0250245e-04 3.2579649e-04 1.0644659e-04
  1.5840444e-04 3.8267864e-04 4.0163673e-04]
 [1.9078387e-04 2.1768681e-04 1.6173949e-04 7.7453835e-05 7.1718336e-05
  2.7683022e-04 3.9967606e-04 4.0973656e-04]
 [1.4143392e-04 1.8436983e-04 1.9745683e-04 3.0259462e-04 2.9110207e-04
  2.3948567e-04 4.0713736e-04 4.3393203e-04]
 [3.9769895e-04 4.4437899e-04 3.9320416e-04 4.2102530e-04 4.1654555e-04
  4.4228457e-04 3.5489909e-04 4.1133302e-04]
 [3.9518942e-04 2.5784501e-04 3.0950742e-04 3.9080513e-04 3.9992924e-04
  4.4624700e-04 4.4046875e-04 4.4612787e-04]
 [4.4472300e-04 3.6694744e-04 3.9888738e-04 4.8532305e-04 4.1102871e-04
  4.2148860e-04 4.0331128e-04 4.3416815e-04]
 [3.5769935e-04 4.0384897e-04 5.1454286e-04 4.8022321e-04 4.3050022e-04
  3.7831426e-04 3.1948762e-04 1.2817883e-04]]
=== SA_mean ===
-image_size (8, 8, 1)
-image_array_size 3
-SUM: 37.688277684152126
-MAX: 1.0
-MIN: 0.0
CRF Done!
canonxt_kodakdcs330_sub_28 : TP ( 1 , 1 )
[[[ 92.70186   92.70186   92.70186  ... 200.45534  200.45534  200.45534 ]
  [ 92.70186   92.70186   92.70186  ... 200.45534  200.45534  200.45534 ]
  [ 92.70186   92.70186   92.70186  ... 200.45534  200.45534  200.45534 ]
  ...
  [163.54906  163.54906  163.54906  ...  32.289066  32.289066  32.289066]
  [163.54906  163.54906  163.54906  ...  32.289066  32.289066  32.289066]
  [163.54906  163.54906  163.54906  ...  32.289066  32.289066  32.289066]]]
../../datasets/Columbia/mask_binary/canonxt_kodakdcs330_sub_28_edgemask_3.jpg
debug: [[-1.84764504e-05 -1.09207249e-04 -6.84373736e-05 -5.98417464e-05
  -7.14323396e-05 -6.68504508e-05 -5.30344478e-05 -4.71391759e-05]
 [-6.90711895e-05 -7.33747438e-05 -1.03300641e-04 -8.79773434e-05
  -8.93199249e-05 -3.54933181e-05 -4.66402853e-05 -4.00128265e-05]
 [-1.02199992e-04 -1.09237000e-04 -1.13181311e-04 -1.09149012e-04
  -8.98615108e-05 -3.56501005e-07 -1.45241893e-05 -3.08490526e-05]
 [-1.38189891e-04 -1.45770842e-04 -1.36694813e-04 -1.12086236e-04
  -8.31248981e-05 -6.10033494e-05  2.69731172e-05  5.17423032e-05]
 [-1.17693373e-04 -1.31778914e-04 -8.42625886e-05 -6.61906306e-05
  -4.09303757e-05  6.93901238e-05  7.35176945e-05 -1.11080735e-04]
 [-5.09188103e-05 -2.80419699e-05 -4.46114755e-05 -5.03998381e-05
  -2.16298486e-05  5.33280727e-05  4.60857191e-05  2.53999006e-05]
 [-3.49003240e-05 -6.25902467e-05 -5.76319690e-05 -5.99116720e-05
  -4.45866863e-05  8.77118655e-05 -2.12042687e-05  1.07267733e-05]
 [-4.26729675e-05 -5.50741679e-05 -4.53000612e-05 -3.06345974e-05
  -5.09873607e-05  3.48845497e-05 -2.47285952e-05 -6.30224213e-06]]
=== SA_mean ===
-image_size (8, 8, 1)
-image_array_size 3
-SUM: 26.722287241369486
-MAX: 1.0
-MIN: 0.0
CRF Done!
canonxt_35_sub_02 : TN ( 0 , 0 )
[[[139.02559 139.02559 139.02559 ... 107.72135 107.72135 107.72135]
  [139.02559 139.02559 139.02559 ... 107.72135 107.72135 107.72135]
  [139.02559 139.02559 139.02559 ... 107.72135 107.72135 107.72135]
  ...
  [112.59916 112.59916 112.59916 ... 152.32175 152.32175 152.32175]
  [112.59916 112.59916 112.59916 ... 152.32175 152.32175 152.32175]
  [112.59916 112.59916 112.59916 ... 152.32175 152.32175 152.32175]]]
debug: [[4.0161554e-04 4.1719087e-04 5.1079469e-04 5.2686239e-04 2.9540883e-04
  5.0000439e-04 2.6850088e-04 1.0975990e-04]
 [4.2053961e-04 4.2102582e-04 5.3276541e-04 5.0131284e-04 2.1458123e-04
  2.9513449e-04 2.4120352e-04 1.3850241e-04]
 [3.1324461e-04 4.5293232e-04 4.8506047e-04 4.9963256e-04 3.0346715e-04
  1.8838614e-04 3.4208142e-04 3.0851879e-04]
 [2.9433143e-04 2.9332578e-04 2.5621682e-04 5.5818597e-04 3.9681426e-04
  4.5740520e-04 3.8069958e-04 5.5336225e-04]
 [1.2975602e-04 1.2960420e-04 1.2980607e-04 3.2755078e-04 5.2159291e-04
  4.7080347e-04 3.7982760e-04 4.8290272e-04]
 [1.2553658e-04 1.0397697e-04 1.6705621e-04 2.7132890e-04 3.7255781e-04
  3.9591896e-04 1.8801031e-04 6.7324247e-05]
 [4.4910520e-04 4.4100813e-04 2.1192966e-04 3.6018839e-04 4.4622674e-04
  4.4120749e-04 4.8038946e-04 3.9255357e-04]
 [4.9292826e-04 4.5582640e-04 4.3113096e-04 4.4754185e-04 4.6243676e-04
  5.0695986e-04 2.9303113e-04 4.9240969e-04]]
=== SA_mean ===
-image_size (8, 8, 1)
-image_array_size 3
-SUM: 37.97106692194939
-MAX: 1.0
-MIN: 0.0
CRF Done!
canong3_kodakdcs330_sub_14 : TP ( 1 , 1 )
[[[173.66252  173.66252  173.66252  ...  22.045094  22.045094  22.045094]
  [173.66252  173.66252  173.66252  ...  22.045094  22.045094  22.045094]
  [173.66252  173.66252  173.66252  ...  22.045094  22.045094  22.045094]
  ...
  [221.09897  221.09897  221.09897  ... 220.82957  220.82957  220.82957 ]
  [221.09897  221.09897  221.09897  ... 220.82957  220.82957  220.82957 ]
  [221.09897  221.09897  221.09897  ... 220.82957  220.82957  220.82957 ]]]
../../datasets/Columbia/mask_binary/canong3_kodakdcs330_sub_14_edgemask_3.jpg
debug: [[3.1475374e-04 3.1398449e-04 3.7792049e-04 5.4415734e-04 4.4184053e-04
  1.7234827e-04 4.2303640e-04 3.2634733e-04]
 [4.3966365e-04 4.2632036e-04 4.4590398e-04 5.5992237e-04 4.7272845e-04
  5.4684619e-04 5.1306677e-04 4.4366907e-04]
 [4.0943423e-04 4.3391387e-04 4.1937223e-04 4.6897185e-04 4.2490286e-04
  1.4580965e-04 2.8465304e-04 3.3273429e-04]
 [3.1125170e-04 1.8388133e-04 2.3123575e-04 4.4236891e-04 4.4003021e-04
  3.9651204e-04 1.7592699e-04 2.8075624e-04]
 [4.1149356e-04 4.5536231e-04 3.8834277e-04 3.9847620e-04 2.8194487e-04
  1.2597615e-04 9.7157281e-05 1.0791723e-04]
 [4.5006868e-04 4.6669436e-04 4.2770707e-04 3.8942922e-04 3.6256376e-04
  7.1640745e-05 1.1218451e-04 1.7904148e-04]
 [3.2781580e-04 4.8714655e-04 4.4625893e-04 4.3168027e-04 1.2524379e-04
  1.5350306e-04 1.2275742e-04 1.0413027e-04]
 [3.5251334e-04 2.7638566e-04 4.6295239e-04 4.5675857e-04 1.5491316e-04
  1.8915202e-04 3.4791522e-04 3.2185149e-04]]
=== SA_mean ===
-image_size (8, 8, 1)
-image_array_size 3
-SUM: 34.91066509485245
-MAX: 1.0
-MIN: 0.0
CRF Done!
canong3_kodakdcs330_sub_17 : TP ( 1 , 1 )
[[[126.96324 126.96324 126.96324 ... 133.01788 133.01788 133.01788]
  [126.96324 126.96324 126.96324 ... 133.01788 133.01788 133.01788]
  [126.96324 126.96324 126.96324 ... 133.01788 133.01788 133.01788]
  ...
  [146.6828  146.6828  146.6828  ... 130.66997 130.66997 130.66997]
  [146.6828  146.6828  146.6828  ... 130.66997 130.66997 130.66997]
  [146.6828  146.6828  146.6828  ... 130.66997 130.66997 130.66997]]]
../../datasets/Columbia/mask_binary/canong3_kodakdcs330_sub_17_edgemask_3.jpg
debug: [[ 1.04234141e-05 -3.46432535e-05 -1.82281092e-05 -8.87891838e-06
   1.57548056e-05  3.85301973e-05  5.92919387e-05 -8.88376962e-05]
 [-1.38609248e-04 -1.52458902e-04 -1.03123712e-04 -7.70926781e-05
  -7.80906121e-05 -4.51004271e-05 -2.93731455e-06 -1.24236787e-04]
 [ 3.39814869e-05  3.98986958e-05  2.02988213e-05  8.47800547e-05
   4.46977101e-05  3.83089355e-05 -2.46082272e-05 -8.13699671e-07]
 [ 5.50261866e-05  2.53761682e-05 -2.85084479e-06  2.89457785e-05
   1.11179825e-05  4.06085455e-05  9.69381927e-06  3.27014823e-05]
 [ 3.82120270e-05 -6.04675115e-05 -2.86091818e-05 -6.11424866e-06
   4.26459083e-05  7.18800802e-05  7.16315262e-05  5.69585791e-05]
 [-1.00759542e-04 -8.90926894e-05 -9.71546524e-06 -4.08373944e-06
   7.17327202e-06 -2.06134700e-06  5.67248389e-05  6.86541243e-05]
 [-1.09623375e-04 -7.72302592e-05  1.78917635e-05  1.34626807e-05
   2.78939224e-05  2.88405790e-05  4.03518134e-05  2.64019627e-06]
 [-9.31502145e-05 -4.28984204e-05  5.30364850e-05  2.72425386e-05
  -5.01210234e-05  1.27713283e-05  3.40954975e-05  1.34249149e-05]]
=== SA_mean ===
-image_size (8, 8, 1)
-image_array_size 3
-SUM: 39.86655718460679
-MAX: 1.0
-MIN: 0.0
CRF Done!
canonxt_32_sub_07 : TN ( 0 , 0 )
[[[175.07661 175.07661 175.07661 ...  68.38425  68.38425  68.38425]
  [175.07661 175.07661 175.07661 ...  68.38425  68.38425  68.38425]
  [175.07661 175.07661 175.07661 ...  68.38425  68.38425  68.38425]
  ...
  [ 63.74887  63.74887  63.74887 ... 178.30281 178.30281 178.30281]
  [ 63.74887  63.74887  63.74887 ... 178.30281 178.30281 178.30281]
  [ 63.74887  63.74887  63.74887 ... 178.30281 178.30281 178.30281]]]
debug: [[-1.2233446e-04 -1.2347646e-04 -1.4168159e-04 -1.3424536e-04
  -1.2942312e-04  6.0934821e-05 -3.0322393e-05 -1.1057807e-04]
 [-1.7378139e-04 -1.4387976e-04 -8.9116373e-05 -1.2546120e-04
  -8.6695851e-05  1.0031032e-04 -2.4669514e-05 -9.5921918e-05]
 [-1.7450427e-06 -1.0907583e-04 -7.1193608e-05 -1.1271386e-04
  -8.0602404e-05  8.6070460e-05 -9.5066480e-06 -7.8743418e-05]
 [-4.7945501e-05 -1.0285833e-04 -6.3341591e-05 -5.5593555e-05
  -2.1986976e-05  9.6942094e-05  6.1291394e-05 -1.5137628e-05]
 [-7.2410148e-05 -7.2912851e-05 -3.4718564e-06 -8.7586610e-05
  -7.1508788e-05  1.5574708e-04  1.3794262e-04  4.2191528e-05]
 [-4.7358688e-05 -3.1495201e-05 -1.4599119e-04 -8.1221631e-05
  -1.2432557e-04 -8.5198197e-05 -8.2078732e-05  7.5669603e-05]
 [-3.7570939e-05 -3.5518300e-05 -9.7401193e-05 -1.1472150e-04
  -1.1356447e-04  4.6800578e-05  1.1808229e-04 -6.4117397e-05]
 [-3.2093554e-05 -2.6882763e-05 -6.4123873e-05 -1.2124853e-04
  -1.1093401e-04 -5.9755705e-05 -2.0489406e-05  2.4631143e-05]]
=== SA_mean ===
-image_size (8, 8, 1)
-image_array_size 3
-SUM: 24.345725938677788
-MAX: 1.0
-MIN: 0.0
CRF Done!
canong3_canonxt_sub_02 : FN ( 0 , 1 )
[[[ 39.81133   39.81133   39.81133  ...  48.908813  48.908813  48.908813]
  [ 39.81133   39.81133   39.81133  ...  48.908813  48.908813  48.908813]
  [ 39.81133   39.81133   39.81133  ...  48.908813  48.908813  48.908813]
  ...
  [109.64272  109.64272  109.64272  ... 153.53816  153.53816  153.53816 ]
  [109.64272  109.64272  109.64272  ... 153.53816  153.53816  153.53816 ]
  [109.64272  109.64272  109.64272  ... 153.53816  153.53816  153.53816 ]]]
debug: [[3.7527599e-04 2.5701497e-04 2.5020688e-04 3.6915555e-04 4.1636132e-04
  3.1304566e-04 2.5923442e-04 2.5240998e-04]
 [3.2546135e-04 3.5652451e-04 4.0154584e-04 4.0505960e-04 3.4412043e-04
  3.0025034e-04 2.1524745e-04 2.9072101e-04]
 [3.1640448e-04 2.1278256e-04 2.6283876e-04 2.7404632e-04 2.7657702e-04
  2.9489119e-04 1.7205808e-04 2.6851054e-04]
 [2.3663673e-04 1.4890297e-04 2.3027610e-04 2.5529903e-04 2.3529292e-04
  2.2570154e-04 1.5917335e-04 1.8033545e-04]
 [1.6804769e-04 1.3003462e-04 3.2325121e-04 4.6633329e-04 4.0152104e-04
  1.9422206e-04 2.1930471e-04 2.1213190e-04]
 [3.2986008e-04 3.2585871e-04 3.2606474e-04 2.6565307e-04 1.6516563e-04
  1.5626838e-04 1.6283644e-04 2.0136510e-04]
 [3.2900446e-04 3.1499838e-04 3.0704355e-04 3.1600916e-04 1.6438693e-04
  1.5805732e-04 9.4760886e-05 2.0019058e-04]
 [3.4945612e-04 3.2647469e-04 2.9600642e-04 2.5562756e-04 2.1036019e-04
  1.6919030e-04 9.6566248e-05 2.9554273e-04]]
=== SA_mean ===
-image_size (8, 8, 1)
-image_array_size 3
-SUM: 28.926420946605504
-MAX: 1.0
-MIN: 0.0
CRF Done!
canong3_nikond70_sub_23 : TP ( 1 , 1 )
[[[192.50986 192.50986 192.50986 ... 108.19027 108.19027 108.19027]
  [192.50986 192.50986 192.50986 ... 108.19027 108.19027 108.19027]
  [192.50986 192.50986 192.50986 ... 108.19027 108.19027 108.19027]
  ...
  [174.79039 174.79039 174.79039 ... 137.7911  137.7911  137.7911 ]
  [174.79039 174.79039 174.79039 ... 137.7911  137.7911  137.7911 ]
  [174.79039 174.79039 174.79039 ... 137.7911  137.7911  137.7911 ]]]
../../datasets/Columbia/mask_binary/canong3_nikond70_sub_23_edgemask_3.jpg
debug: [[0.00030821 0.00031557 0.00042609 0.00040962 0.00036892 0.00033776
  0.00011394 0.00011336]
 [0.00052193 0.00052077 0.00047357 0.00037237 0.00040203 0.00017176
  0.00011896 0.00011798]
 [0.00048763 0.00050025 0.00052446 0.00036301 0.00022945 0.00014753
  0.00012114 0.00022613]
 [0.00011497 0.0003167  0.00045042 0.00052752 0.0004721  0.00015708
  0.00014608 0.00023554]
 [0.00012735 0.00012424 0.00052293 0.00047706 0.00014737 0.00011546
  0.00021292 0.00037115]
 [0.00018104 0.00017002 0.00017351 0.0003114  0.00011549 0.00011531
  0.0002276  0.00018734]
 [0.00019119 0.00018335 0.00023888 0.0001762  0.00013031 0.00016938
  0.00020793 0.00050923]
 [0.00022015 0.00011203 0.00017748 0.00014156 0.00012518 0.00018553
  0.00018205 0.0004082 ]]
=== SA_mean ===
-image_size (8, 8, 1)
-image_array_size 3
-SUM: 23.78353651985526
-MAX: 1.0
-MIN: 0.0
CRF Done!
nikond70_kodakdcs330_sub_19 : TP ( 1 , 1 )
[[[120.4043   120.4043   120.4043   ...   0.817739   0.817739   0.817739]
  [120.4043   120.4043   120.4043   ...   0.817739   0.817739   0.817739]
  [120.4043   120.4043   120.4043   ...   0.817739   0.817739   0.817739]
  ...
  [ 66.35705   66.35705   66.35705  ... 181.77039  181.77039  181.77039 ]
  [ 66.35705   66.35705   66.35705  ... 181.77039  181.77039  181.77039 ]
  [ 66.35705   66.35705   66.35705  ... 181.77039  181.77039  181.77039 ]]]
../../datasets/Columbia/mask_binary/nikond70_kodakdcs330_sub_19_edgemask_3.jpg
debug: [[3.19529761e-04 1.09303161e-04 1.85504716e-04 2.18447676e-04
  2.27578901e-04 2.70890363e-04 3.40032188e-04 3.50620918e-04]
 [1.66276484e-04 1.10628855e-04 1.68115497e-04 2.38826120e-04
  2.48630502e-04 3.16927995e-04 3.45752778e-04 4.51779546e-04]
 [1.38101765e-04 2.89339543e-04 2.25584314e-04 2.91136763e-04
  2.30170961e-04 2.61780398e-04 2.76007690e-04 4.08891763e-04]
 [9.74324721e-05 1.71611406e-04 3.18035716e-04 2.50948127e-04
  2.54431652e-04 1.83999407e-04 2.31086829e-04 3.36786470e-04]
 [2.04616736e-04 3.12126969e-04 2.18357949e-04 2.08521888e-04
  2.44463328e-04 3.16908379e-04 3.18970793e-04 3.25385656e-04]
 [3.34407057e-04 4.01538855e-04 2.91647098e-04 2.59423337e-04
  2.43344577e-04 2.36299544e-04 3.71481321e-04 3.55117954e-04]
 [4.08514577e-04 4.40524047e-04 3.83205741e-04 3.99931741e-04
  3.15631070e-04 3.24989232e-04 3.61667975e-04 3.43600550e-04]
 [3.53179901e-04 3.77834949e-04 3.91234498e-04 2.92239332e-04
  3.81050748e-04 4.19032644e-04 3.53819487e-04 3.61144106e-04]]
=== SA_mean ===
-image_size (8, 8, 1)
-image_array_size 3
-SUM: 34.84923564270139
-MAX: 1.0
-MIN: 0.0
CRF Done!
nikond70_kodakdcs330_sub_05 : TP ( 1 , 1 )
[[[159.82863 159.82863 159.82863 ... 182.20287 182.20287 182.20287]
  [159.82863 159.82863 159.82863 ... 182.20287 182.20287 182.20287]
  [159.82863 159.82863 159.82863 ... 182.20287 182.20287 182.20287]
  ...
  [184.0444  184.0444  184.0444  ... 189.77571 189.77571 189.77571]
  [184.0444  184.0444  184.0444  ... 189.77571 189.77571 189.77571]
  [184.0444  184.0444  184.0444  ... 189.77571 189.77571 189.77571]]]
../../datasets/Columbia/mask_binary/nikond70_kodakdcs330_sub_05_edgemask_3.jpg
debug: [[-5.73344096e-06  7.33795787e-06 -4.98267182e-05 -1.77746479e-05
   1.21858502e-05  4.35382026e-05  1.72416039e-05 -1.26684363e-05]
 [ 2.91637079e-05 -5.09011079e-05 -4.87984253e-05 -5.79092339e-05
  -1.43405632e-05  2.95428417e-05  4.62573480e-05  4.51787491e-06]
 [ 5.59490509e-05  6.72819078e-05 -3.35579607e-05  4.45914702e-05
   2.84216767e-05  5.83598849e-05  2.82291694e-05 -2.35522948e-05]
 [-3.47888126e-05 -3.95283423e-05 -4.14866881e-05  6.50327202e-05
   8.15469684e-05  6.52049057e-05  2.34151266e-05 -2.88785373e-06]
 [-5.24818606e-05 -4.29599422e-05 -2.88939282e-05  1.97890877e-05
   5.24372990e-05  1.04007595e-05  2.87763378e-05  2.97288352e-05]
 [-5.34301944e-05  2.50543167e-07 -1.45630156e-05  1.78767077e-05
   7.06650826e-05  6.24509339e-05  2.80645672e-05  2.22209583e-05]
 [-4.61598393e-05 -2.55702471e-05  2.23283514e-05  6.60280784e-05
  -1.29760156e-05 -1.14434329e-06  4.62946582e-06 -2.15845430e-05]
 [-8.52758894e-05 -4.69829247e-05 -3.63708059e-05 -1.76772737e-05
  -3.59874275e-06 -1.33383637e-05  4.80649942e-06 -4.23756683e-05]]
=== SA_mean ===
-image_size (8, 8, 1)
-image_array_size 3
-SUM: 33.72913268208504
-MAX: 1.0
-MIN: 0.0
CRF Done!
canonxt_14_sub_07 : TN ( 0 , 0 )
[[[121.586    121.586    121.586    ... 110.98539  110.98539  110.98539 ]
  [121.586    121.586    121.586    ... 110.98539  110.98539  110.98539 ]
  [121.586    121.586    121.586    ... 110.98539  110.98539  110.98539 ]
  ...
  [  0.         0.         0.       ...  65.575874  65.575874  65.575874]
  [  0.         0.         0.       ...  65.575874  65.575874  65.575874]
  [  0.         0.         0.       ...  65.575874  65.575874  65.575874]]]
debug: [[0.00016437 0.00018714 0.00026909 0.00026853 0.00035557 0.00026225
  0.0001642  0.00015851]
 [0.00023214 0.00024157 0.00032727 0.00041878 0.00031832 0.00033483
  0.00023032 0.00018706]
 [0.0004632  0.00051501 0.000303   0.00034299 0.00038302 0.0004134
  0.0002644  0.00030309]
 [0.00032511 0.00036286 0.00025468 0.00023153 0.00029834 0.00031485
  0.00032572 0.00030769]
 [0.00043255 0.00032444 0.00023428 0.00022483 0.00026848 0.00020518
  0.00022667 0.00032198]
 [0.00021074 0.00022312 0.00020342 0.00030833 0.00028784 0.00032611
  0.0002854  0.00032401]
 [0.00031435 0.00035055 0.00020305 0.00026155 0.00035549 0.00036059
  0.00034595 0.00027957]
 [0.00041473 0.0003673  0.00030839 0.00041714 0.00042523 0.0004223
  0.00035003 0.00023359]]
=== SA_mean ===
-image_size (8, 8, 1)
-image_array_size 3
-SUM: 25.81043483130634
-MAX: 1.0
-MIN: 0.0
CRF Done!
nikond70_08_sub_01 : FP ( 1 , 0 )
[[[  4.19572    4.19572    4.19572  ...   0.         0.         0.      ]
  [  4.19572    4.19572    4.19572  ...   0.         0.         0.      ]
  [  4.19572    4.19572    4.19572  ...   0.         0.         0.      ]
  ...
  [183.27112  183.27112  183.27112  ...  53.707054  53.707054  53.707054]
  [183.27112  183.27112  183.27112  ...  53.707054  53.707054  53.707054]
  [183.27112  183.27112  183.27112  ...  53.707054  53.707054  53.707054]]]
debug: [[4.91556828e-04 4.48042119e-04 5.86201437e-04 4.41301672e-04
  5.44673530e-04 5.63761743e-04 5.23955270e-04 3.28448397e-04]
 [1.20101104e-04 2.87742238e-04 4.57569753e-04 5.83433721e-04
  5.68899908e-04 5.61382214e-04 2.82513880e-04 3.37158795e-04]
 [3.70785332e-04 2.93681456e-04 4.14719456e-04 5.92164462e-04
  5.65579161e-04 5.68684132e-04 5.41694579e-04 5.64934220e-04]
 [4.55354108e-04 3.73272429e-04 3.65524553e-04 5.31554455e-04
  5.41104993e-04 5.47362666e-04 5.91221033e-04 5.74167701e-04]
 [4.88885795e-04 3.79979698e-04 3.48591479e-04 4.92642925e-04
  3.99651501e-04 5.41189453e-04 5.86303649e-04 5.84370340e-04]
 [4.85021155e-04 2.13608786e-04 8.46799740e-05 3.90280184e-04
  2.88420473e-04 3.46657966e-04 3.30608542e-04 4.19673132e-04]
 [3.26923240e-04 1.95567380e-04 3.62480321e-04 3.66827677e-04
  3.33954784e-04 1.88305683e-04 4.45488346e-04 3.22034000e-04]
 [3.12382617e-04 1.03768391e-04 1.73745444e-04 5.38286113e-04
  1.68702813e-04 5.57466643e-04 5.30242396e-04 1.02110767e-04]]
=== SA_mean ===
-image_size (8, 8, 1)
-image_array_size 3
-SUM: 41.39610365405679
-MAX: 1.0
-MIN: 0.0
CRF Done!
nikond70_kodakdcs330_sub_21 : TP ( 1 , 1 )
[[[204.44682  204.44682  204.44682  ... 122.488365 122.488365 122.488365]
  [204.44682  204.44682  204.44682  ... 122.488365 122.488365 122.488365]
  [204.44682  204.44682  204.44682  ... 122.488365 122.488365 122.488365]
  ...
  [114.41566  114.41566  114.41566  ...   8.758597   8.758597   8.758597]
  [114.41566  114.41566  114.41566  ...   8.758597   8.758597   8.758597]
  [114.41566  114.41566  114.41566  ...   8.758597   8.758597   8.758597]]]
../../datasets/Columbia/mask_binary/nikond70_kodakdcs330_sub_21_edgemask_3.jpg
debug: [[0.00042368 0.00043253 0.00041936 0.00048981 0.00042838 0.00048129
  0.00038811 0.00048813]
 [0.00033666 0.0004085  0.00041784 0.00052706 0.00043188 0.00046384
  0.00035834 0.00032307]
 [0.00035312 0.00029467 0.00035025 0.00034135 0.00043816 0.00038376
  0.00024653 0.0002482 ]
 [0.00027184 0.00031399 0.00029368 0.00029537 0.00035339 0.00025853
  0.00025237 0.0002563 ]
 [0.00015802 0.00021987 0.00043761 0.00044239 0.00044003 0.00029016
  0.00024907 0.00024812]
 [0.00018593 0.00023856 0.00039725 0.0004394  0.00043486 0.000249
  0.00026039 0.00040075]
 [0.0002377  0.00026272 0.00034894 0.00052616 0.00045115 0.00045597
  0.00043081 0.00026513]
 [0.00023853 0.00025546 0.00033778 0.00040081 0.00044036 0.00042932
  0.00044482 0.00037452]]
=== SA_mean ===
-image_size (8, 8, 1)
-image_array_size 3
-SUM: 34.27310414612293
-MAX: 1.0
-MIN: 0.0
CRF Done!
nikond70_kodakdcs330_sub_04 : TP ( 1 , 1 )
[[[183.56268  183.56268  183.56268  ... 228.0987   228.0987   228.0987  ]
  [183.56268  183.56268  183.56268  ... 228.0987   228.0987   228.0987  ]
  [183.56268  183.56268  183.56268  ... 228.0987   228.0987   228.0987  ]
  ...
  [ 55.627193  55.627193  55.627193 ... 149.59291  149.59291  149.59291 ]
  [ 55.627193  55.627193  55.627193 ... 149.59291  149.59291  149.59291 ]
  [ 55.627193  55.627193  55.627193 ... 149.59291  149.59291  149.59291 ]]]
../../datasets/Columbia/mask_binary/nikond70_kodakdcs330_sub_04_edgemask_3.jpg
debug: [[4.4067326e-04 4.4067361e-04 4.4059323e-04 1.2449585e-04 7.5821314e-05
  1.2723728e-04 3.9502562e-04 4.6222279e-04]
 [4.4067326e-04 4.4067323e-04 4.4069142e-04 4.1826555e-04 2.0030831e-04
  3.6497990e-04 4.3384818e-04 4.5329859e-04]
 [4.4109835e-04 4.4097714e-04 4.5932416e-04 4.8811571e-04 2.9158255e-04
  2.5838864e-04 5.9316939e-05 8.6655127e-05]
 [4.4326441e-04 4.5032587e-04 2.9892137e-04 1.5967287e-04 1.3649970e-04
  4.4873898e-04 5.7703117e-05 2.7979576e-04]
 [4.4777815e-04 4.5966345e-04 3.8755362e-04 2.5880933e-04 2.0434162e-04
  2.1942849e-04 4.5770206e-04 4.4815420e-04]
 [4.2896954e-04 4.2583482e-04 2.0782268e-04 2.1258069e-04 1.1572458e-04
  4.1277008e-04 4.7875560e-04 4.5021350e-04]
 [4.4671350e-04 4.4735955e-04 3.6392172e-04 4.4751997e-04 4.3346590e-04
  4.9898669e-04 4.7560385e-04 4.6908451e-04]
 [4.6087091e-04 4.4370678e-04 4.4742200e-04 3.4000908e-04 3.3693685e-04
  4.0896429e-04 2.5050581e-04 4.4674543e-04]]
=== SA_mean ===
-image_size (8, 8, 1)
-image_array_size 3
-SUM: 43.375242634210736
-MAX: 1.0
-MIN: 0.0
CRF Done!
nikond70_05_sub_06 : FP ( 1 , 0 )
[[[221.30302 221.30302 221.30302 ... 233.75563 233.75563 233.75563]
  [221.30302 221.30302 221.30302 ... 233.75563 233.75563 233.75563]
  [221.30302 221.30302 221.30302 ... 233.75563 233.75563 233.75563]
  ...
  [232.97444 232.97444 232.97444 ... 224.81187 224.81187 224.81187]
  [232.97444 232.97444 232.97444 ... 224.81187 224.81187 224.81187]
  [232.97444 232.97444 232.97444 ... 224.81187 224.81187 224.81187]]]
debug: [[0.00038648 0.00035209 0.00034393 0.00030969 0.00027879 0.00027923
  0.00028177 0.00027116]
 [0.00044349 0.000377   0.00031489 0.00026206 0.00025139 0.00028556
  0.00027243 0.00026515]
 [0.00034357 0.00033697 0.00038665 0.00027221 0.00024543 0.00027519
  0.00026632 0.00028503]
 [0.00037158 0.00031818 0.00029475 0.00028155 0.00026028 0.00023279
  0.00025772 0.0002596 ]
 [0.0003348  0.00034249 0.00029615 0.00029193 0.00028037 0.00032465
  0.00026189 0.0002669 ]
 [0.00033115 0.00026848 0.00030828 0.00028576 0.00028189 0.00026828
  0.00021646 0.00024059]
 [0.00034913 0.00030337 0.00029113 0.00025589 0.00024535 0.00025879
  0.00025036 0.00027324]
 [0.00039304 0.00035147 0.00031184 0.00029358 0.00027416 0.00028579
  0.00028369 0.00035406]]
=== SA_mean ===
-image_size (8, 8, 1)
-image_array_size 3
-SUM: 22.836062863469124
-MAX: 1.0
-MIN: 0.0
CRF Done!
canong3_canonxt_sub_30 : TP ( 1 , 1 )
[[[190.9673   190.9673   190.9673   ...  61.436127  61.436127  61.436127]
  [190.9673   190.9673   190.9673   ...  61.436127  61.436127  61.436127]
  [190.9673   190.9673   190.9673   ...  61.436127  61.436127  61.436127]
  ...
  [198.33293  198.33293  198.33293  ... 154.5499   154.5499   154.5499  ]
  [198.33293  198.33293  198.33293  ... 154.5499   154.5499   154.5499  ]
  [198.33293  198.33293  198.33293  ... 154.5499   154.5499   154.5499  ]]]
../../datasets/Columbia/mask_binary/canong3_canonxt_sub_30_edgemask_3.jpg
debug: [[9.37551376e-05 2.27019453e-04 2.83870992e-04 3.01039865e-04
  2.82336347e-04 2.72047357e-04 2.99925334e-04 2.32420061e-04]
 [2.53508246e-04 1.84960794e-04 3.31109419e-04 3.22760869e-04
  2.99315812e-04 3.53868847e-04 2.73347978e-04 2.92341283e-04]
 [3.84280167e-04 4.04795195e-04 4.00750781e-04 2.38978610e-04
  1.79184237e-04 2.23384646e-04 2.54522340e-04 2.72144040e-04]
 [3.78587079e-04 3.37560487e-04 5.44137321e-04 4.34965943e-04
  4.63108358e-04 2.44534254e-04 1.60954252e-04 2.08995145e-04]
 [4.42959572e-04 1.02945341e-04 4.33089328e-04 3.91896057e-04
  4.53851622e-04 2.55520456e-04 1.63423247e-04 2.79203348e-04]
 [8.35915489e-05 9.20326784e-05 1.54141322e-04 2.56132043e-04
  3.89801949e-04 4.26287093e-04 1.86003337e-04 1.15544055e-04]
 [2.21126640e-04 2.06632787e-04 2.74218619e-04 1.66298007e-04
  3.31602496e-04 2.61656358e-04 4.36634815e-04 5.46069932e-04]
 [2.69016396e-04 2.96222919e-04 2.83505942e-04 2.43712057e-04
  3.34672659e-04 3.33168631e-04 1.09385248e-04 4.21169534e-04]]
=== SA_mean ===
-image_size (8, 8, 1)
-image_array_size 3
-SUM: 28.20924817584455
-MAX: 1.0
-MIN: 0.0
CRF Done!
nikond70_canonxt_sub_29 : TP ( 1 , 1 )
[[[  5.60397   5.60397   5.60397 ...  82.06064  82.06064  82.06064]
  [  5.60397   5.60397   5.60397 ...  82.06064  82.06064  82.06064]
  [  5.60397   5.60397   5.60397 ...  82.06064  82.06064  82.06064]
  ...
  [102.23901 102.23901 102.23901 ... 186.13278 186.13278 186.13278]
  [102.23901 102.23901 102.23901 ... 186.13278 186.13278 186.13278]
  [102.23901 102.23901 102.23901 ... 186.13278 186.13278 186.13278]]]
../../datasets/Columbia/mask_binary/nikond70_canonxt_sub_29_edgemask_3.jpg
debug: [[-8.9454668e-05 -5.5151511e-05 -1.2093969e-04 -3.4671299e-05
   5.1741648e-05  2.8478218e-05 -1.2945511e-05  2.8459877e-05]
 [ 7.0620597e-05 -7.8115036e-06 -3.8357168e-05  7.0438495e-05
   6.9847250e-05  2.9027447e-05 -1.3289999e-04 -4.6181012e-05]
 [ 8.3581988e-05  5.4573233e-05  4.4300683e-05  6.1182865e-05
   8.8382913e-05  8.0145022e-05  7.7699333e-06 -5.4261145e-05]
 [-2.0923314e-06 -2.5894813e-05 -1.6878248e-06  7.8949706e-05
   9.3974297e-05  1.0895823e-04 -3.0182200e-05 -1.8382831e-04]
 [-3.3780943e-06 -2.8795912e-06  4.4420663e-05  1.1084455e-04
   1.0200990e-04  1.8285264e-05 -8.9284076e-05 -1.2300706e-04]
 [ 8.3380612e-05  7.6558354e-05  7.9860409e-05  1.0697880e-04
   5.8761503e-05 -7.3432988e-05 -5.5886332e-05 -1.1392167e-04]
 [ 7.8389116e-05  7.7202516e-05  1.1292153e-04  9.3156486e-05
   7.4287200e-05 -8.1558479e-05 -1.0167436e-04 -1.8153859e-04]
 [ 7.9392739e-05  6.9612557e-05  1.0620520e-04  8.9371213e-05
  -1.2715395e-04 -1.2498617e-04 -1.7870602e-04 -1.8103668e-04]]
=== SA_mean ===
-image_size (8, 8, 1)
-image_array_size 3
-SUM: 40.44578281464055
-MAX: 1.0
-MIN: 0.0
CRF Done!
canonxt_26_sub_04 : TN ( 0 , 0 )
[[[ 81.096176   81.096176   81.096176  ... 182.42128   182.42128
   182.42128  ]
  [ 81.096176   81.096176   81.096176  ... 182.42128   182.42128
   182.42128  ]
  [ 81.096176   81.096176   81.096176  ... 182.42128   182.42128
   182.42128  ]
  ...
  [226.18839   226.18839   226.18839   ...   2.3988702   2.3988702
     2.3988702]
  [226.18839   226.18839   226.18839   ...   2.3988702   2.3988702
     2.3988702]
  [226.18839   226.18839   226.18839   ...   2.3988702   2.3988702
     2.3988702]]]
debug: [[0.00029893 0.00032037 0.00043744 0.00029199 0.00027495 0.00025486
  0.00028095 0.00024813]
 [0.00054005 0.00034393 0.00048997 0.00060561 0.0003945  0.00019734
  0.00029489 0.0002762 ]
 [0.00038285 0.00023957 0.00030585 0.00047959 0.00049944 0.00019035
  0.00026651 0.00033966]
 [0.00041873 0.00023099 0.00026649 0.00020634 0.00047132 0.00029631
  0.00023321 0.00023304]
 [0.00062582 0.00026848 0.00028995 0.00023592 0.00029824 0.00020534
  0.00023317 0.00023303]
 [0.00058626 0.0002391  0.00027812 0.00023116 0.0001983  0.00019657
  0.00025194 0.00031942]
 [0.00061609 0.00027763 0.00031547 0.0003215  0.00032982 0.00059258
  0.00033757 0.00042331]
 [0.00052859 0.00019015 0.00021781 0.00026874 0.00027776 0.00054491
  0.00052563 0.00031316]]
=== SA_mean ===
-image_size (8, 8, 1)
-image_array_size 3
-SUM: 21.145550192071823
-MAX: 1.0
-MIN: 0.0
CRF Done!
canong3_05_sub_01 : FP ( 1 , 0 )
[[[ 63.67204   63.67204   63.67204  ...  33.936337  33.936337  33.936337]
  [ 63.67204   63.67204   63.67204  ...  33.936337  33.936337  33.936337]
  [ 63.67204   63.67204   63.67204  ...  33.936337  33.936337  33.936337]
  ...
  [198.09381  198.09381  198.09381  ...  71.99997   71.99997   71.99997 ]
  [198.09381  198.09381  198.09381  ...  71.99997   71.99997   71.99997 ]
  [198.09381  198.09381  198.09381  ...  71.99997   71.99997   71.99997 ]]]
debug: [[0.00030129 0.00016597 0.00026036 0.0002608  0.00036047 0.00035935
  0.00031632 0.00032058]
 [0.00018436 0.00012866 0.00023421 0.0001699  0.000139   0.00022227
  0.00029184 0.00033464]
 [0.00026859 0.00032417 0.00027977 0.00028069 0.00030385 0.00035394
  0.0003527  0.00035633]
 [0.00017189 0.00023511 0.00032407 0.00037262 0.00021722 0.00033784
  0.00035612 0.00035756]
 [0.00026736 0.00028966 0.00035166 0.00034661 0.00028806 0.00035585
  0.00034226 0.00027921]
 [0.00027493 0.00033843 0.00041294 0.00030775 0.00029549 0.00034265
  0.00036317 0.00037   ]
 [0.00035977 0.00036847 0.00038232 0.00034538 0.00033791 0.00028972
  0.00028518 0.00031824]
 [0.00038586 0.00037935 0.00038185 0.00036825 0.00036945 0.0003662
  0.00033397 0.00035778]]
=== SA_mean ===
-image_size (8, 8, 1)
-image_array_size 3
-SUM: 40.67813580483198
-MAX: 1.0
-MIN: 0.0
CRF Done!
canonxt_23_sub_01 : FP ( 1 , 0 )
[[[154.84589 154.84589 154.84589 ... 172.15349 172.15349 172.15349]
  [154.84589 154.84589 154.84589 ... 172.15349 172.15349 172.15349]
  [154.84589 154.84589 154.84589 ... 172.15349 172.15349 172.15349]
  ...
  [230.7087  230.7087  230.7087  ... 205.51712 205.51712 205.51712]
  [230.7087  230.7087  230.7087  ... 205.51712 205.51712 205.51712]
  [230.7087  230.7087  230.7087  ... 205.51712 205.51712 205.51712]]]
debug: [[ 6.2662504e-05  3.5042009e-05  8.2161721e-05  3.9488135e-05
   2.3585568e-05  4.6690624e-05  7.0607064e-05  8.6494067e-05]
 [ 2.2386605e-05 -6.4178406e-05  9.3007702e-06  3.9319064e-05
   3.7709309e-05  8.5308193e-06  7.6316013e-05  8.4006504e-05]
 [-1.2726551e-04 -2.9418070e-05 -1.6628581e-05  3.6536021e-05
   3.0870393e-05  7.7523655e-06  7.8272693e-05  6.9058318e-05]
 [ 3.3074361e-05  3.3163546e-05 -4.0440362e-05  3.8830200e-05
   4.2325464e-05  1.5177458e-05  5.8685247e-05  6.6339286e-05]
 [ 4.7294430e-05  3.2867025e-05 -1.4075451e-06  1.7414541e-05
  -3.4260458e-05 -8.0338199e-05  8.3377534e-05  8.3303326e-05]
 [ 3.7419195e-05  9.0758185e-06  2.0030429e-05  1.4256257e-05
  -1.0472910e-05 -1.1084310e-05  5.5225428e-05 -4.1709882e-06]
 [ 1.9388039e-05 -8.2267488e-06  5.1404681e-05  5.2673073e-05
   6.7213114e-05  6.6130298e-05  3.3382203e-05  2.3760200e-05]
 [ 3.8906121e-05  9.3901799e-06  4.7869995e-05  4.7967809e-05
   4.0623785e-05  5.6189961e-05 -6.5057393e-05 -5.7574656e-05]]
=== SA_mean ===
-image_size (8, 8, 1)
-image_array_size 3
-SUM: 45.77113299071789
-MAX: 1.0
-MIN: 0.0
CRF Done!
canonxt_08_sub_01 : TN ( 0 , 0 )
[[[226.57063 226.57063 226.57063 ... 255.      255.      255.     ]
  [226.57063 226.57063 226.57063 ... 255.      255.      255.     ]
  [226.57063 226.57063 226.57063 ... 255.      255.      255.     ]
  ...
  [198.23096 198.23096 198.23096 ...  83.13624  83.13624  83.13624]
  [198.23096 198.23096 198.23096 ...  83.13624  83.13624  83.13624]
  [198.23096 198.23096 198.23096 ...  83.13624  83.13624  83.13624]]]
debug: [[9.67038504e-05 1.61253891e-04 1.88538688e-04 1.51380984e-04
  1.21945173e-04 1.31257460e-04 1.14398921e-04 1.16704476e-04]
 [1.32889836e-04 1.56827868e-04 1.34620233e-04 1.70384184e-04
  1.79264796e-04 1.56382695e-04 1.24288985e-04 1.57361836e-04]
 [2.61120527e-04 1.42394623e-04 1.56158872e-04 1.22896992e-04
  1.60209747e-04 3.14978301e-04 1.32932750e-04 1.15542403e-04]
 [2.02822921e-04 1.79437528e-04 1.71381733e-04 1.12352849e-04
  2.29966710e-04 3.50859133e-04 3.76723241e-04 2.77589890e-04]
 [1.40031902e-04 1.31776964e-04 1.70464162e-04 1.49985033e-04
  2.75041355e-04 3.60164151e-04 3.95268580e-04 4.17624105e-04]
 [1.14087001e-04 1.53696354e-04 1.49497719e-04 1.70528278e-04
  3.04181740e-04 4.40964766e-04 4.49714687e-04 4.15647170e-04]
 [1.59870149e-04 1.28509404e-04 2.15250562e-04 1.80851828e-04
  1.49638465e-04 3.24461609e-04 3.66190623e-04 4.11932706e-04]
 [1.60137657e-04 2.16659202e-04 2.21871669e-04 2.16898683e-04
  2.38802750e-04 1.66722326e-04 5.60210377e-04 4.54963942e-04]]
=== SA_mean ===
-image_size (8, 8, 1)
-image_array_size 3
-SUM: 16.88039145246148
-MAX: 1.0
-MIN: 0.0
CRF Done!
nikond70_kodakdcs330_sub_01 : TP ( 1 , 1 )
[[[  0.         0.         0.       ...  11.003425  11.003425  11.003425]
  [  0.         0.         0.       ...  11.003425  11.003425  11.003425]
  [  0.         0.         0.       ...  11.003425  11.003425  11.003425]
  ...
  [ 34.898365  34.898365  34.898365 ... 197.09825  197.09825  197.09825 ]
  [ 34.898365  34.898365  34.898365 ... 197.09825  197.09825  197.09825 ]
  [ 34.898365  34.898365  34.898365 ... 197.09825  197.09825  197.09825 ]]]
../../datasets/Columbia/mask_binary/nikond70_kodakdcs330_sub_01_edgemask_3.jpg
debug: [[0.00028031 0.00032781 0.00032468 0.00022157 0.00021363 0.00022988
  0.00030184 0.00029835]
 [0.00037065 0.00036956 0.00029738 0.00024087 0.00019316 0.00029692
  0.00035961 0.00033957]
 [0.0003954  0.00029816 0.00030783 0.00032694 0.00032416 0.00033535
  0.00035736 0.0003699 ]
 [0.00034902 0.00022542 0.0002714  0.00030974 0.00019363 0.00029069
  0.00031047 0.00033122]
 [0.00020059 0.00015066 0.0001558  0.00015307 0.00019723 0.00023903
  0.00032375 0.00031563]
 [0.00017016 0.00017609 0.00014567 0.00020811 0.00019451 0.00022319
  0.00031286 0.0003127 ]
 [0.00020858 0.00019499 0.0001887  0.00016797 0.0001685  0.00018007
  0.00024176 0.00026749]
 [0.00019885 0.00018989 0.00024898 0.00015558 0.0002092  0.00025049
  0.00025123 0.00014452]]
=== SA_mean ===
-image_size (8, 8, 1)
-image_array_size 3
-SUM: 28.535662882961333
-MAX: 1.0
-MIN: 0.0
CRF Done!
canong3_canonxt_sub_19 : TP ( 1 , 1 )
[[[138.01562  138.01562  138.01562  ... 156.35683  156.35683  156.35683 ]
  [138.01562  138.01562  138.01562  ... 156.35683  156.35683  156.35683 ]
  [138.01562  138.01562  138.01562  ... 156.35683  156.35683  156.35683 ]
  ...
  [ 55.224957  55.224957  55.224957 ...   0.         0.         0.      ]
  [ 55.224957  55.224957  55.224957 ...   0.         0.         0.      ]
  [ 55.224957  55.224957  55.224957 ...   0.         0.         0.      ]]]
../../datasets/Columbia/mask_binary/canong3_canonxt_sub_19_edgemask_3.jpg
debug: [[2.5873020e-04 2.2307958e-04 2.2938786e-04 2.4931729e-04 1.8125925e-04
  1.8100993e-04 1.9134535e-04 2.1127622e-04]
 [2.5886676e-04 2.0948348e-04 2.2872876e-04 2.4423341e-04 2.2236138e-04
  2.4950723e-04 1.8825113e-04 3.3336808e-05]
 [2.5872060e-04 2.1822534e-04 2.1560898e-04 2.1487965e-04 1.9069215e-04
  2.3741939e-04 1.3713611e-04 1.4273443e-04]
 [2.6036400e-04 1.8053074e-04 1.8636895e-04 2.1419280e-04 2.0969452e-04
  2.1701709e-04 2.1094132e-04 3.8903055e-04]
 [2.3347080e-04 2.2328190e-04 2.2978672e-04 2.0869075e-04 2.1002133e-04
  4.0391559e-04 4.6317122e-04 4.3991648e-04]
 [2.4727298e-04 2.4316293e-04 2.1669813e-04 1.9671397e-04 1.4720309e-04
  2.5617625e-04 3.9651711e-04 2.9289201e-04]
 [2.3210546e-04 2.4270220e-04 2.2979853e-04 1.2346350e-04 3.7849313e-05
  2.9413617e-04 3.6874239e-04 2.6835836e-04]
 [2.1525942e-04 2.0472564e-04 6.8925074e-05 1.7049476e-04 1.2011713e-04
  9.7626064e-05 2.3337982e-04 2.5756561e-04]]
=== SA_mean ===
-image_size (8, 8, 1)
-image_array_size 3
-SUM: 28.579182669520378
-MAX: 1.0
-MIN: 0.0
CRF Done!
nikond70_08_sub_04 : FP ( 1 , 0 )
[[[133.71503 133.71503 133.71503 ... 105.56286 105.56286 105.56286]
  [133.71503 133.71503 133.71503 ... 105.56286 105.56286 105.56286]
  [133.71503 133.71503 133.71503 ... 105.56286 105.56286 105.56286]
  ...
  [107.9259  107.9259  107.9259  ... 133.02411 133.02411 133.02411]
  [107.9259  107.9259  107.9259  ... 133.02411 133.02411 133.02411]
  [107.9259  107.9259  107.9259  ... 133.02411 133.02411 133.02411]]]
debug: [[4.45324753e-04 4.45516838e-04 4.44635109e-04 4.39610943e-04
  4.73481836e-04 1.81275202e-04 2.47855380e-04 3.24915774e-04]
 [4.37186158e-04 4.38231131e-04 4.24591330e-04 3.97663476e-04
  2.06475495e-04 1.52699882e-04 3.11907497e-04 3.24568304e-04]
 [3.21463944e-04 4.04844322e-04 1.88905426e-04 1.54602152e-04
  2.19027774e-04 2.90888565e-04 1.93116095e-04 4.82836149e-05]
 [3.49346723e-04 4.06102045e-04 2.62573682e-04 2.20440023e-04
  2.35123633e-04 3.60520033e-04 4.85940036e-05 3.97796757e-05]
 [3.61447892e-04 3.88521439e-04 3.52849369e-04 3.29256582e-04
  2.73120240e-04 9.24722917e-05 1.04126906e-04 1.84558361e-04]
 [2.91537697e-04 2.94732919e-04 4.18620766e-04 3.01941414e-04
  2.85304326e-04 3.16484628e-04 3.62431543e-04 4.29044187e-04]
 [2.48441473e-04 2.90678407e-04 3.72861978e-04 3.49665788e-04
  3.56081669e-04 4.15475108e-04 4.37526469e-04 5.07406949e-04]
 [2.66835501e-04 3.25719040e-04 3.96406074e-04 2.28980090e-04
  4.11893590e-04 4.29376058e-04 4.95908142e-04 4.53339744e-04]]
=== SA_mean ===
-image_size (8, 8, 1)
-image_array_size 3
-SUM: 37.77944382838905
-MAX: 1.0
-MIN: 0.0
CRF Done!
canonxt_kodakdcs330_sub_22 : TP ( 1 , 1 )
[[[221.14621  221.14621  221.14621  ... 155.48645  155.48645  155.48645 ]
  [221.14621  221.14621  221.14621  ... 155.48645  155.48645  155.48645 ]
  [221.14621  221.14621  221.14621  ... 155.48645  155.48645  155.48645 ]
  ...
  [123.814926 123.814926 123.814926 ... 225.51682  225.51682  225.51682 ]
  [123.814926 123.814926 123.814926 ... 225.51682  225.51682  225.51682 ]
  [123.814926 123.814926 123.814926 ... 225.51682  225.51682  225.51682 ]]]
../../datasets/Columbia/mask_binary/canonxt_kodakdcs330_sub_22_edgemask_3.jpg
debug: [[-9.22636173e-06  3.95747593e-05  3.04328933e-05 -8.69190444e-07
  -4.16308967e-06  1.52733883e-05  2.95435293e-05  2.87209823e-05]
 [ 6.92415779e-05  6.53038369e-05  8.35821265e-06  3.10500000e-05
   1.80477855e-05  1.94630611e-05  5.53452519e-05 -1.25521357e-04]
 [ 1.03468585e-04  1.02805265e-04  1.56769856e-05  2.28117460e-05
   1.76282865e-05  9.43054329e-06  6.89662775e-05 -1.13317648e-04]
 [ 4.52696149e-05  2.49616169e-05 -2.07060475e-06 -1.54203517e-05
   9.45701049e-06  3.37516167e-06  5.49247197e-05 -7.85621887e-05]
 [ 1.36756689e-05 -5.84678082e-06 -3.91582325e-05 -3.30648909e-05
   1.86659181e-05  1.89981001e-05  3.20645631e-05  1.39283929e-06]
 [-4.21775167e-06 -1.12803773e-05  1.10093279e-05 -2.09859354e-05
   1.08779532e-05  8.21417780e-06  7.52193373e-05  5.64399343e-05]
 [-1.83597149e-05  4.72966349e-07  4.58713148e-05  2.39002111e-05
   1.62813412e-05  1.18217977e-05  1.04927258e-05 -2.93310422e-05]
 [ 1.67559301e-05 -5.44372779e-05  3.13950586e-05  2.71252957e-05
   2.15274522e-05 -2.36233282e-05 -1.50883861e-04 -3.37935944e-07]]
=== SA_mean ===
-image_size (8, 8, 1)
-image_array_size 3
-SUM: 40.3268054574728
-MAX: 1.0
-MIN: 0.0
CRF Done!
canonxt_02_sub_02 : TN ( 0 , 0 )
[[[142.01814 142.01814 142.01814 ... 180.06209 180.06209 180.06209]
  [142.01814 142.01814 142.01814 ... 180.06209 180.06209 180.06209]
  [142.01814 142.01814 142.01814 ... 180.06209 180.06209 180.06209]
  ...
  [168.06657 168.06657 168.06657 ... 150.9292  150.9292  150.9292 ]
  [168.06657 168.06657 168.06657 ... 150.9292  150.9292  150.9292 ]
  [168.06657 168.06657 168.06657 ... 150.9292  150.9292  150.9292 ]]]
debug: [[0.00017255 0.00027396 0.00029987 0.00022509 0.00029907 0.00015919
  0.00017048 0.00012421]
 [0.00040817 0.00046032 0.00043142 0.0001983  0.00041374 0.00013107
  0.00021818 0.00020342]
 [0.00038352 0.00037174 0.00025279 0.00019178 0.0004236  0.00014352
  0.00037874 0.00037137]
 [0.00026346 0.00035546 0.0002808  0.0002852  0.00038857 0.00015078
  0.00037537 0.00039462]
 [0.00025065 0.00020883 0.00019897 0.00020868 0.00030403 0.00020335
  0.00044951 0.00038274]
 [0.000483   0.00035786 0.00027974 0.00019573 0.00026667 0.00021761
  0.00050304 0.00043941]
 [0.00025545 0.00020734 0.00035637 0.00014533 0.0001856  0.00014526
  0.00045655 0.00036693]
 [0.00017631 0.00020593 0.00014912 0.00016732 0.00024489 0.00016009
  0.00016786 0.00011421]]
=== SA_mean ===
-image_size (8, 8, 1)
-image_array_size 3
-SUM: 26.60623725876212
-MAX: 1.0
-MIN: 0.0
CRF Done!
canonxt_26_sub_05 : FP ( 1 , 0 )
[[[38.25754   38.25754   38.25754   ...  6.5593886  6.5593886  6.5593886]
  [38.25754   38.25754   38.25754   ...  6.5593886  6.5593886  6.5593886]
  [38.25754   38.25754   38.25754   ...  6.5593886  6.5593886  6.5593886]
  ...
  [40.725147  40.725147  40.725147  ...  0.         0.         0.       ]
  [40.725147  40.725147  40.725147  ...  0.         0.         0.       ]
  [40.725147  40.725147  40.725147  ...  0.         0.         0.       ]]]
debug: [[0.00025306 0.00033525 0.00025537 0.00019272 0.00023985 0.00016395
  0.00025814 0.0002037 ]
 [0.0004005  0.00026655 0.00028024 0.00022393 0.00028026 0.00024328
  0.0002418  0.00020137]
 [0.00026038 0.0002732  0.00027083 0.00043542 0.00016599 0.000234
  0.00020375 0.00045862]
 [0.00027316 0.00020095 0.00034253 0.00041677 0.00032897 0.0004377
  0.00050203 0.00026065]
 [0.00018694 0.00024141 0.00032772 0.00036858 0.00039559 0.00047736
  0.00039097 0.00042766]
 [0.00017709 0.00018661 0.00028175 0.00035895 0.00034273 0.00052984
  0.00053972 0.00017249]
 [0.00041866 0.0002099  0.00025179 0.00037383 0.00025163 0.00051459
  0.00021125 0.00015465]
 [0.0002147  0.00025182 0.00035733 0.00037828 0.00037287 0.00032471
  0.00021402 0.00033618]]
=== SA_mean ===
-image_size (8, 8, 1)
-image_array_size 3
-SUM: 24.538382625207305
-MAX: 1.0
-MIN: 0.0
CRF Done!
canonxt_17_sub_06 : FP ( 1 , 0 )
[[[ 65.17099   65.17099   65.17099  ...  32.483     32.483     32.483   ]
  [ 65.17099   65.17099   65.17099  ...  32.483     32.483     32.483   ]
  [ 65.17099   65.17099   65.17099  ...  32.483     32.483     32.483   ]
  ...
  [ 39.765835  39.765835  39.765835 ... 120.21163  120.21163  120.21163 ]
  [ 39.765835  39.765835  39.765835 ... 120.21163  120.21163  120.21163 ]
  [ 39.765835  39.765835  39.765835 ... 120.21163  120.21163  120.21163 ]]]
debug: [[0.00037074 0.00023842 0.00029759 0.00031782 0.00024944 0.0002665
  0.00031072 0.00034986]
 [0.00025753 0.00019589 0.00018901 0.00035743 0.00026872 0.0003627
  0.00031776 0.00043065]
 [0.00025674 0.00022685 0.00022105 0.00026711 0.00026742 0.00030997
  0.00028769 0.00053469]
 [0.00028856 0.00033928 0.00039032 0.00039181 0.00033705 0.00028213
  0.00027261 0.00039076]
 [0.00037495 0.00034595 0.0003238  0.00030383 0.00029286 0.00029894
  0.00031016 0.00032669]
 [0.00045962 0.00037606 0.00028566 0.00025379 0.00026711 0.00038346
  0.00033127 0.00037136]
 [0.00036643 0.00035468 0.00031432 0.00035845 0.00048413 0.00031557
  0.00034794 0.00027753]
 [0.00040749 0.00043256 0.00038354 0.00042798 0.00044573 0.00034884
  0.00038876 0.00041028]]
=== SA_mean ===
-image_size (8, 8, 1)
-image_array_size 3
-SUM: 26.37735137157142
-MAX: 1.0
-MIN: 0.0
CRF Done!
nikond70_canonxt_sub_17 : TP ( 1 , 1 )
[[[134.06142 134.06142 134.06142 ... 118.65939 118.65939 118.65939]
  [134.06142 134.06142 134.06142 ... 118.65939 118.65939 118.65939]
  [134.06142 134.06142 134.06142 ... 118.65939 118.65939 118.65939]
  ...
  [161.17065 161.17065 161.17065 ... 163.22603 163.22603 163.22603]
  [161.17065 161.17065 161.17065 ... 163.22603 163.22603 163.22603]
  [161.17065 161.17065 161.17065 ... 163.22603 163.22603 163.22603]]]
../../datasets/Columbia/mask_binary/nikond70_canonxt_sub_17_edgemask_3.jpg
debug: [[0.00036799 0.00039286 0.00016502 0.0001394  0.0002196  0.00013716
  0.00019278 0.00013746]
 [0.00038364 0.00024542 0.00021768 0.00041257 0.00047176 0.00028751
  0.00022877 0.00029383]
 [0.00028897 0.00036159 0.00038624 0.00024169 0.00044454 0.0003465
  0.00031549 0.00032824]
 [0.0002731  0.00022586 0.00034752 0.00039666 0.00042632 0.00047977
  0.0002782  0.00034876]
 [0.00046568 0.00045159 0.00040168 0.00040361 0.00040344 0.00048911
  0.00016542 0.00037649]
 [0.00040383 0.00042981 0.00043959 0.00046705 0.00044255 0.00045015
  0.00031613 0.00039798]
 [0.00021455 0.00031856 0.00032854 0.00047985 0.00043206 0.00026867
  0.00034481 0.00038807]
 [0.00020335 0.00031313 0.00029335 0.00042215 0.00045231 0.00048677
  0.00034657 0.00039725]]
=== SA_mean ===
-image_size (8, 8, 1)
-image_array_size 3
-SUM: 37.501615240296815
-MAX: 1.0
-MIN: 0.0
CRF Done!
nikond70_kodakdcs330_sub_24 : TP ( 1 , 1 )
[[[167.24376    167.24376    167.24376    ...   0.21232526   0.21232526
     0.21232526]
  [167.24376    167.24376    167.24376    ...   0.21232526   0.21232526
     0.21232526]
  [167.24376    167.24376    167.24376    ...   0.21232526   0.21232526
     0.21232526]
  ...
  [ 47.95176     47.95176     47.95176    ... 188.4444     188.4444
   188.4444    ]
  [ 47.95176     47.95176     47.95176    ... 188.4444     188.4444
   188.4444    ]
  [ 47.95176     47.95176     47.95176    ... 188.4444     188.4444
   188.4444    ]]]
../../datasets/Columbia/mask_binary/nikond70_kodakdcs330_sub_24_edgemask_3.jpg
test_acc= tensor(0.6667, device='cuda:0', dtype=torch.float64)
36
canonxt_kodakdcs330_sub_28 :iou: 0.5284681583476765 F_measure: 0.6915003828656368
nikond70_canonxt_sub_17 :iou: 0.3565915727993325 F_measure: 0.5257169216575689
canong3_kodakdcs330_sub_14 :iou: 0.28158688105243923 F_measure: 0.43943471209880053
canong3_canonxt_sub_30 :iou: 0.22379135793412075 F_measure: 0.36573449629829446
nikond70_canonxt_sub_12 :iou: 0.15673613149398297 F_measure: 0.27099720883024614
nikond70_kodakdcs330_sub_04 :iou: 0.21402485904664276 F_measure: 0.3525872760376811
canonxt_kodakdcs330_sub_22 :iou: 0.43981037304588294 F_measure: 0.6109281906553778
canong3_nikond70_sub_19 :iou: 0.11861053512660034 F_measure: 0.2120676167477297
nikond70_kodakdcs330_sub_21 :iou: 0.2175205455499213 F_measure: 0.357317248312509
nikond70_kodakdcs330_sub_01 :iou: 0.177194737247057 F_measure: 0.3010457516339869
canong3_canonxt_sub_19 :iou: 0.24483782497336748 F_measure: 0.39336501520365613
nikond70_kodakdcs330_sub_24 :iou: 0.4802568697729988 F_measure: 0.6488831493775096
canong3_kodakdcs330_sub_17 :iou: 0.3891311933007676 F_measure: 0.5602511773940345
nikond70_kodakdcs330_sub_05 :iou: 0.3467079783113865 F_measure: 0.5148970435982975
nikond70_kodakdcs330_sub_19 :iou: 0.1449001947419669 F_measure: 0.25312284058895446
nikond70_canonxt_sub_29 :iou: 0.22605060506050606 F_measure: 0.3687459622424808
canong3_nikond70_sub_23 :iou: 0.3252806175058186 F_measure: 0.4908856482304819
Result IoU: 4.871500435310469 / 17 = 0.2865588491359099
Result F_measure: 7.357480641773247 / 17 = 0.432792978927838
53
canong3_kodakdcs330_sub_17 :iou: 0.4746589012858685 F_measure: 0.6437541601952518
nikond70_kodakdcs330_sub_04 :iou: 0.20054257724189903 F_measure: 0.3340865722607211
nikond70_canonxt_sub_12 :iou: 0.14006248140434394 F_measure: 0.24571018464148237
canonxt_kodakdcs330_sub_28 :iou: 0.6516552965303646 F_measure: 0.7890935813293465
canong3_kodakdcs330_sub_14 :iou: 0.26453990931924193 F_measure: 0.4183970903087677
nikond70_canonxt_sub_29 :iou: 0.2118740825313978 F_measure: 0.3496635262449529
nikond70_kodakdcs330_sub_21 :iou: 0.1979761345064589 F_measure: 0.33051766025042045
nikond70_kodakdcs330_sub_19 :iou: 0.1944050656837728 F_measure: 0.3255261908529831
nikond70_kodakdcs330_sub_01 :iou: 0.2725121287421607 F_measure: 0.4283057466989027
canonxt_kodakdcs330_sub_22 :iou: 0.4600183175989855 F_measure: 0.6301541727989963
canong3_nikond70_sub_23 :iou: 0.36587028601530786 F_measure: 0.5357321112573166
canong3_canonxt_sub_19 :iou: 0.39918032786885244 F_measure: 0.5705916813122436
canong3_nikond70_sub_19 :iou: 0.1769544912753776 F_measure: 0.30069895240150746
nikond70_kodakdcs330_sub_05 :iou: 0.5243701436307983 F_measure: 0.6879827000308927
nikond70_kodakdcs330_sub_24 :iou: 0.7886534935832145 F_measure: 0.8818404418882752
canong3_canonxt_sub_30 :iou: 0.236968994140625 F_measure: 0.38314459822860386
nikond70_canonxt_sub_17 :iou: 0.5204714993451398 F_measure: 0.6846185536122242
Result IoU: 6.08071413070381 / 17 = 0.35768906651198884
Result F_measure: 8.539817924312889 / 17 = 0.5023422308419346
