1626662853867 0.5023041474654378 0
1626662857834 0.5576036866359447 0
1626662861631 0.5898617511520737 0
1626662865412 0.5668202764976958 0
1626662869146 0.6082949308755761 0
1626662872893 0.631336405529954 0
1626662876630 0.6682027649769585 0
1626662880400 0.7142857142857143 0
1626662884345 0.7235023041474654 0
1626662888272 0.7235023041474654 0
1626662892256 0.7649769585253456 0
1626662896205 0.7465437788018433 0
1626662900151 0.7649769585253456 0
1626662904107 0.7188940092165899 0
1626662907814 0.783410138248848 0
1626662911557 0.7557603686635944 0
1626662915332 0.7695852534562212 0
1626662919121 0.7788018433179723 0
1626662922855 0.7511520737327189 0
1626662926836 0.7788018433179723 0
1626662930579 0.7926267281105991 0
1626662934315 0.7419354838709677 0
1626662938051 0.8064516129032258 0
1626662941792 0.8018433179723502 0
1626662945525 0.8064516129032258 0
1626662949279 0.8018433179723502 0
1626662953022 0.8064516129032258 0
1626662956783 0.7880184331797235 0
1626662960752 0.8110599078341014 0
1626662964723 0.7741935483870968 0
1626662968713 0.8248847926267281 0
1626662972656 0.8202764976958525 0
1626662976425 0.8248847926267281 0
1626662980154 0.8110599078341014 0
1626662983905 0.8387096774193549 0
1626662987729 0.7926267281105991 0
1626662991476 0.8202764976958525 0
1626662995213 0.8248847926267281 0
1626662998949 0.8387096774193549 0
1626663002687 0.8433179723502304 0
1626663006432 0.8248847926267281 0
1626663010200 0.8248847926267281 0
1626663013966 0.8248847926267281 0
1626663017727 0.8248847926267281 0
1626663021533 0.8064516129032258 0
1626663025272 0.8433179723502304 0
1626663029025 0.8525345622119815 0
1626663032807 0.8341013824884793 0
1626663036767 0.8571428571428571 0
1626663040526 0.8248847926267281 0
1626663044279 0.8571428571428571 0
1626663048240 0.8294930875576036 0
1626663052154 0.8755760368663594 0
1626663056122 0.8341013824884793 0
1626663060077 0.8571428571428571 0
1626663064063 0.8663594470046083 0
1626663068032 0.8387096774193549 0
1626663071992 0.8617511520737328 0
1626663075951 0.847926267281106 0
1626663079904 0.8617511520737328 0
1626663083871 0.8433179723502304 0
1626663087711 0.8525345622119815 0
1626663091415 0.8248847926267281 0
1626663095175 0.8755760368663594 0
1626663098958 0.847926267281106 0
1626663102850 0.880184331797235 0
1626663106626 0.9032258064516129 0
1626663110349 0.8755760368663594 0
1626663114098 0.8663594470046083 0
1626663117814 0.8847926267281105 0
1626663121545 0.8940092165898618 0
1626663125313 0.8894009216589862 0
1626663129069 0.8663594470046083 0
1626663132807 0.8940092165898618 0
1626663136571 0.8847926267281105 0
1626663140318 0.8709677419354839 0
1626663144085 0.8894009216589862 0
1626663147860 0.9032258064516129 0
1626663151827 0.8894009216589862 0
1626663155797 0.8940092165898618 0
1626663159538 0.9032258064516129 0
1626663163278 0.8847926267281105 0
1626663167016 0.8847926267281105 0
1626663170829 0.9354838709677419 0
1626663174796 0.8894009216589862 0
1626663178759 0.8617511520737328 0
1626663182706 0.8940092165898618 0
1626663186544 0.8617511520737328 0
1626663190268 0.8940092165898618 0
1626663194236 0.8986175115207373 0
1626663198201 0.9078341013824884 0
1626663201936 0.8847926267281105 0
1626663205698 0.880184331797235 0
1626663209436 0.9032258064516129 0
1626663213387 0.9216589861751152 0
1626663217356 0.9262672811059908 0
1626663221311 0.9262672811059908 0
1626663225269 0.9262672811059908 0
1626663229209 0.9170506912442397 0
1626663233163 0.9032258064516129 0
1626663236883 0.8940092165898618 0
1626663240715 0.9078341013824884 0
1626663244672 0.8847926267281105 0
1626663248617 0.9124423963133641 0
1626663252572 0.8847926267281105 0
1626663256319 0.9216589861751152 0
1626663260061 0.9078341013824884 0
1626663264021 0.8894009216589862 0
1626663267982 0.9262672811059908 0
1626663271933 0.9400921658986175 0
1626663275862 0.8940092165898618 0
1626663279832 0.9308755760368663 0
1626663283819 0.9354838709677419 0
1626663287786 0.9032258064516129 0
1626663291521 0.8755760368663594 0
1626663295277 0.9170506912442397 0
1626663299017 0.8940092165898618 0
1626663302753 0.9262672811059908 0
1626663306475 0.9354838709677419 0
1626663310280 0.9400921658986175 0
1626663314011 0.9216589861751152 0
1626663317811 0.9170506912442397 0
1626663321572 0.8940092165898618 0
1626663325340 0.9216589861751152 0
1626663329277 0.9032258064516129 0
1626663333225 0.9078341013824884 0
1626663337178 0.9308755760368663 0
1626663340890 0.8709677419354839 0
1626663344661 0.8940092165898618 0
1626663348427 0.9170506912442397 0
1626663352185 0.9124423963133641 0
1626663356060 0.9308755760368663 0
1626663359822 0.9170506912442397 0
1626663363588 0.9032258064516129 0
1626663367352 0.9400921658986175 0
1626663371117 0.9124423963133641 0
1626663374850 0.880184331797235 0
1626663378576 0.9124423963133641 0
1626663382293 0.9447004608294931 0
1626663386031 0.8986175115207373 0
1626663389982 0.9170506912442397 0
1626663393931 0.9124423963133641 0
1626663397885 0.9354838709677419 0
1626663401828 0.9262672811059908 0
1626663405800 0.9354838709677419 0
1626663409744 0.9262672811059908 0
1626663413712 0.8894009216589862 0
1626663417579 0.9354838709677419 0
1626663421305 0.880184331797235 0
