1626662853866 0.7059173081327693 0
1626662857831 0.6870779837331464 0
1626662861630 0.6792679220300666 0
1626662865411 0.668896977253224 0
1626662869144 0.662275204186066 0
1626662872891 0.6465852351232608 0
1626662876627 0.6284528863594828 0
1626662880398 0.6073484841030314 0
1626662884344 0.6042172669815028 0
1626662888269 0.588481679490085 0
1626662892254 0.5685907190296507 0
1626662896203 0.5599222988027581 0
1626662900149 0.5455294836501372 0
1626662904105 0.5474508509108548 0
1626662907813 0.5264995652959094 0
1626662911555 0.5206683308298138 0
1626662915330 0.5105486462742502 0
1626662919120 0.503528241737647 0
1626662922853 0.49841795099495745 0
1626662926834 0.49535259728058145 0
1626662930577 0.4847319801831575 0
1626662934313 0.4930695519194625 0
1626662938050 0.47595183242301237 0
1626662941790 0.44510544348971637 0
1626662945523 0.45836681196217166 0
1626662949278 0.44563030619775096 0
1626662953020 0.44029497248785837 0
1626662956781 0.42958137681407316 0
1626662960749 0.45050551924287996 0
1626662964721 0.42062265779565555 0
1626662968712 0.4314103381974356 0
1626662972654 0.42889539547230243 0
1626662976423 0.3887827343517734 0
1626662980151 0.4077716142900528 0
1626662983903 0.3829901399700323 0
1626662987727 0.41385195716734857 0
1626662991474 0.38655142074081755 0
1626662995211 0.42167434700623085 0
1626662998948 0.3699770061651133 0
1626663002685 0.3625742742268171 0
1626663006430 0.37035623343858853 0
1626663010198 0.3994216712938476 0
1626663013965 0.3645403797176027 0
1626663017726 0.3690577234540667 0
1626663021531 0.38475023436656197 0
1626663025269 0.3526033723409275 0
1626663029023 0.32990945003549077 0
1626663032805 0.35531306651330763 0
1626663036765 0.36164865364676796 0
1626663040524 0.3569024001947746 0
1626663044277 0.3425416859201572 0
1626663048239 0.35394968360250445 0
1626663052152 0.32100147942793533 0
1626663056120 0.37688487987913843 0
1626663060075 0.3546003862734764 0
1626663064062 0.31784211936908935 0
1626663068031 0.30641931048186694 0
1626663071991 0.3191508233272535 0
1626663075950 0.31070206750373136 0
1626663079902 0.3174188639711125 0
1626663083870 0.365832902731434 0
1626663087709 0.32992004840055367 0
1626663091414 0.3448607379115672 0
1626663095172 0.3073471932916597 0
1626663098957 0.33672578213951004 0
1626663102849 0.3194695733109927 0
1626663106625 0.2583333903468699 0
1626663110348 0.2981992037065567 0
1626663114096 0.3086232210633941 0
1626663117812 0.29180265681534867 0
1626663121543 0.2777210865427272 0
1626663125311 0.29006924305094 0
1626663129068 0.3337076726597026 0
1626663132804 0.27800505749091575 0
1626663136570 0.2743562091193441 0
1626663140314 0.2882086409401784 0
1626663144083 0.2955790847402564 0
1626663147858 0.25854869564557403 0
1626663151825 0.2604654877691225 0
1626663155794 0.27529706098654305 0
1626663159535 0.28379121992719886 0
1626663163276 0.2793655289757636 0
1626663167013 0.2797479041710427 0
1626663170828 0.23035631778602775 0
1626663174795 0.2666998458897463 0
1626663178758 0.28442997111153495 0
1626663182705 0.257397070183732 0
1626663186542 0.29004234103013843 0
1626663190267 0.272030306301908 0
1626663194234 0.2556859406595406 0
1626663198199 0.24689856089205237 0
1626663201934 0.28782204754890933 0
1626663205695 0.2625463079609629 0
1626663209435 0.23559214868303818 0
1626663213386 0.2420242897101811 0
1626663217354 0.22515963100343256 0
1626663221309 0.21900332523381105 0
1626663225267 0.21711035584387142 0
1626663229208 0.23123017090806214 0
1626663233161 0.22984427172467456 0
1626663236882 0.253689649536313 0
1626663240712 0.24921302009837418 0
1626663244670 0.24980871928727022 0
1626663248616 0.2257581807775981 0
1626663252570 0.27328515437341505 0
1626663256316 0.22421712273826247 0
1626663260059 0.22563332882344997 0
1626663264019 0.23864738286090886 0
1626663267980 0.2070345289421521 0
1626663271931 0.19551976890333236 0
1626663275861 0.2454993102682351 0
1626663279829 0.21961623773596803 0
1626663283816 0.2082093470313582 0
1626663287784 0.21689586018637028 0
1626663291519 0.27203655325322657 0
1626663295274 0.22204742075935488 0
1626663299015 0.25370756581356996 0
1626663302752 0.23666605092413415 0
1626663306474 0.20941946253798524 0
1626663310277 0.20926136190440797 0
1626663314010 0.2190081913899716 0
1626663317809 0.21760771049332508 0
1626663321569 0.24423505571855378 0
1626663325339 0.21138987480770058 0
1626663329276 0.25745481630349487 0
1626663333224 0.2202546029321609 0
1626663337176 0.2230746564777216 0
1626663340888 0.25341006701443053 0
1626663344659 0.24087396044335607 0
1626663348426 0.22693572753036076 0
1626663352184 0.21726009112349304 0
1626663356058 0.21214949356795457 0
1626663359819 0.22026203174470207 0
1626663363585 0.26519059764075387 0
1626663367350 0.2050338902506411 0
1626663371116 0.20000165755847632 0
1626663374848 0.2404396494138076 0
1626663378574 0.24544966770207277 0
1626663382292 0.19807225452040747 0
1626663386030 0.22695454900165857 0
1626663389981 0.2210618170313022 0
1626663393929 0.22086246878183383 0
1626663397884 0.19495877005537535 0
1626663401826 0.1902793274359769 0
1626663405798 0.20442392381792243 0
1626663409743 0.2080455845402133 0
1626663413711 0.2120167817662938 0
1626663417578 0.18508079908959876 0
1626663421304 0.24349717610442692 0
