1626471320279 0.4700460829493088 0
1626471323274 0.5299539170506913 0
1626471326287 0.45161290322580644 0
1626471329330 0.47465437788018433 0
1626471332320 0.5023041474654378 0
1626471335390 0.4792626728110599 0
1626471338378 0.5299539170506913 0
1626471341429 0.5253456221198156 0
1626471344420 0.47465437788018433 0
1626471347454 0.5069124423963134 0
1626471350464 0.5391705069124424 0
1626471353459 0.5299539170506913 0
1626471356463 0.5483870967741935 0
1626471359494 0.5529953917050692 0
1626471362519 0.576036866359447 0
1626471365526 0.5253456221198156 0
1626471368738 0.5576036866359447 0
1626471371966 0.5806451612903226 0
1626471375169 0.576036866359447 0
1626471378419 0.6221198156682027 0
1626471381645 0.6267281105990783 0
1626471384645 0.5852534562211982 0
1626471387647 0.631336405529954 0
1626471390649 0.631336405529954 0
1626471393666 0.5852534562211982 0
1626471396909 0.6405529953917051 0
1626471399885 0.6405529953917051 0
1626471402929 0.631336405529954 0
1626471405925 0.6589861751152074 0
1626471408923 0.663594470046083 0
1626471411961 0.6774193548387096 0
1626471414958 0.6682027649769585 0
1626471417959 0.6359447004608295 0
1626471421004 0.6728110599078341 0
1626471424044 0.6451612903225806 0
1626471427081 0.6774193548387096 0
1626471430129 0.695852534562212 0
1626471433356 0.6774193548387096 0
1626471436587 0.6728110599078341 0
1626471439844 0.695852534562212 0
1626471443087 0.6866359447004609 0
1626471446313 0.7004608294930875 0
1626471449303 0.695852534562212 0
1626471452313 0.7142857142857143 0
1626471455326 0.7004608294930875 0
1626471458328 0.7649769585253456 0
1626471461348 0.7511520737327189 0
1626471464361 0.7373271889400922 0
1626471467361 0.7327188940092166 0
1626471470392 0.7788018433179723 0
1626471473663 0.7419354838709677 0
1626471476906 0.7511520737327189 0
1626471480119 0.7373271889400922 0
1626471483131 0.7695852534562212 0
1626471486148 0.7373271889400922 0
1626471489163 0.7557603686635944 0
1626471492411 0.7603686635944701 0
1626471495435 0.7511520737327189 0
1626471498449 0.7741935483870968 0
1626471501419 0.7511520737327189 0
1626471504649 0.695852534562212 0
1626471507875 0.7511520737327189 0
1626471511112 0.7142857142857143 0
1626471514127 0.7419354838709677 0
1626471517135 0.7603686635944701 0
1626471520150 0.7788018433179723 0
1626471523165 0.7695852534562212 0
1626471526256 0.7649769585253456 0
1626471529269 0.7695852534562212 0
1626471532261 0.7741935483870968 0
1626471535262 0.7880184331797235 0
1626471538488 0.7695852534562212 0
1626471541484 0.7649769585253456 0
1626471544478 0.7880184331797235 0
1626471547496 0.783410138248848 0
1626471550513 0.7880184331797235 0
1626471553504 0.8064516129032258 0
1626471556559 0.7695852534562212 0
1626471559570 0.7695852534562212 0
1626471562822 0.783410138248848 0
1626471565794 0.783410138248848 0
1626471568823 0.7511520737327189 0
1626471571823 0.8064516129032258 0
1626471574873 0.8064516129032258 0
1626471577953 0.7972350230414746 0
1626471580926 0.7880184331797235 0
1626471583921 0.7695852534562212 0
1626471586920 0.7926267281105991 0
1626471590145 0.783410138248848 0
1626471593123 0.8110599078341014 0
1626471596341 0.8110599078341014 0
1626471599569 0.7695852534562212 0
1626471602541 0.7926267281105991 0
1626471605542 0.8294930875576036 0
1626471608550 0.7926267281105991 0
1626471611559 0.8294930875576036 0
1626471614619 0.7741935483870968 0
1626471617584 0.815668202764977 0
1626471620806 0.8202764976958525 0
1626471624020 0.8110599078341014 0
1626471627233 0.7788018433179723 0
1626471630485 0.815668202764977 0
1626471633526 0.7788018433179723 0
1626471636555 0.783410138248848 0
1626471639770 0.8110599078341014 0
1626471643009 0.8018433179723502 0
1626471646064 0.8294930875576036 0
1626471649300 0.8341013824884793 0
1626471652537 0.8663594470046083 0
1626471655529 0.7972350230414746 0
1626471658767 0.8202764976958525 0
1626471661777 0.8064516129032258 0
1626471664801 0.8110599078341014 0
1626471667819 0.8110599078341014 0
1626471670829 0.7649769585253456 0
1626471673818 0.8294930875576036 0
1626471676792 0.815668202764977 0
1626471679823 0.8064516129032258 0
1626471682824 0.8248847926267281 0
1626471685841 0.7972350230414746 0
1626471688884 0.7972350230414746 0
1626471691889 0.8064516129032258 0
1626471694903 0.8202764976958525 0
1626471697905 0.815668202764977 0
1626471700902 0.8341013824884793 0
1626471703918 0.8248847926267281 0
1626471707140 0.8064516129032258 0
1626471710374 0.8018433179723502 0
1626471713614 0.8018433179723502 0
1626471716687 0.8110599078341014 0
1626471719885 0.8294930875576036 0
1626471722924 0.8294930875576036 0
1626471725964 0.8294930875576036 0
1626471729215 0.8202764976958525 0
1626471732432 0.8387096774193549 0
1626471735504 0.8110599078341014 0
1626471738562 0.7788018433179723 0
1626471741570 0.8248847926267281 0
1626471744594 0.815668202764977 0
1626471747581 0.8110599078341014 0
1626471750590 0.8202764976958525 0
1626471753637 0.8433179723502304 0
1626471756677 0.8433179723502304 0
1626471759677 0.7972350230414746 0
1626471762700 0.8248847926267281 0
1626471765707 0.8341013824884793 0
1626471768746 0.8064516129032258 0
1626471771767 0.847926267281106 0
1626471774806 0.8110599078341014 0
