1626471320278 0.7214332489374047 0
1626471323271 0.7167038365443181 0
1626471326285 0.7203882539876595 0
1626471329328 0.7101154080184374 0
1626471332318 0.702350528284152 0
1626471335388 0.7111647046656103 0
1626471338377 0.6987219474832034 0
1626471341428 0.6957095605986459 0
1626471344417 0.7030930780045997 0
1626471347451 0.6984677995954242 0
1626471350463 0.6826225502699751 0
1626471353457 0.6759041946055153 0
1626471356461 0.6856037905688659 0
1626471359493 0.6830809646487785 0
1626471362517 0.6735087023352697 0
1626471365524 0.6863032961221335 0
1626471368737 0.6757623426925202 0
1626471371965 0.6638382038762493 0
1626471375168 0.668420596606171 0
1626471378417 0.64837726003014 0
1626471381644 0.6513520034227503 0
1626471384644 0.6601042250334392 0
1626471387646 0.6529349610552809 0
1626471390647 0.645034507947034 0
1626471393664 0.6539877817927418 0
1626471396908 0.6459252688741903 0
1626471399883 0.6427948724838995 0
1626471402926 0.6352417534946846 0
1626471405922 0.6379042624877894 0
1626471408922 0.6304791523014894 0
1626471411960 0.6295498518899838 0
1626471414956 0.6299854547197369 0
1626471417958 0.633431183028331 0
1626471421001 0.6297589526747778 0
1626471424041 0.6237821147738514 0
1626471427079 0.6247458034946073 0
1626471430128 0.6153482742573259 0
1626471433355 0.624454944639162 0
1626471436585 0.6197566697674413 0
1626471439842 0.613583156864764 0
1626471443086 0.6058760864943403 0
1626471446311 0.6097002257399845 0
1626471449301 0.6061738787158844 0
1626471452310 0.6047833303702043 0
1626471455325 0.61141369886662 0
1626471458326 0.5915785245082346 0
1626471461346 0.5935975881765515 0
1626471464359 0.6005276062521517 0
1626471467359 0.6006649424952846 0
1626471470391 0.5920020105651996 0
1626471473661 0.584872133720855 0
1626471476904 0.5880238045745182 0
1626471480118 0.5849917053077628 0
1626471483128 0.5959957522181322 0
1626471486146 0.5971555698851836 0
1626471489161 0.5840584957105224 0
1626471492408 0.5878676437013161 0
1626471495434 0.5855902507557847 0
1626471498447 0.571237346955708 0
1626471501418 0.5828253170861627 0
1626471504648 0.5963086911610195 0
1626471507874 0.589761052538173 0
1626471511109 0.5850838958393044 0
1626471514125 0.5792644639169017 0
1626471517134 0.579268097053475 0
1626471520148 0.569136030388318 0
1626471523163 0.5687243435789363 0
1626471526254 0.5575474182032221 0
1626471529267 0.5715138607310809 0
1626471532259 0.5753189031429554 0
1626471535261 0.5641051550065318 0
1626471538487 0.5626762869171283 0
1626471541482 0.5669587509972709 0
1626471544477 0.5573821828661976 0
1626471547495 0.5615056516937397 0
1626471550512 0.5567501025265812 0
1626471553502 0.5554609161368164 0
1626471556558 0.5602830002934153 0
1626471559569 0.5619037884721009 0
1626471562821 0.5578390068722211 0
1626471565792 0.5530812545306122 0
1626471568821 0.5520895252579369 0
1626471571822 0.5453471527670934 0
1626471574871 0.5495515869509789 0
1626471577952 0.546382611797702 0
1626471580925 0.5611122225836125 0
1626471583919 0.5664699753308626 0
1626471586918 0.545211528852788 0
1626471590143 0.5533116237359113 0
1626471593121 0.5468490810438236 0
1626471596340 0.5428080138522908 0
1626471599568 0.5519890774230254 0
1626471602540 0.5482401846465976 0
1626471605541 0.5311357442135086 0
1626471608549 0.5486683562603963 0
1626471611558 0.5362759108916955 0
1626471614618 0.5396140118897785 0
1626471617582 0.521383612386642 0
1626471620804 0.5362225254559847 0
1626471624018 0.5362750874136999 0
1626471627232 0.5418048003851543 0
1626471630482 0.5349921350654918 0
1626471633525 0.5325985193801915 0
1626471636554 0.5368239989478467 0
1626471639768 0.5338831250019337 0
1626471643007 0.5306270809217533 0
1626471646061 0.520543881001011 0
1626471649298 0.5211096985548872 0
1626471652535 0.5200029798367056 0
1626471655527 0.5353308418928753 0
1626471658766 0.5304402343688472 0
1626471661776 0.5152852862111984 0
1626471664800 0.5260544722805375 0
1626471667818 0.5292441273614559 0
1626471670828 0.5405233208484913 0
1626471673817 0.5322662543865943 0
1626471676790 0.5276639056370555 0
1626471679821 0.5324469134554884 0
1626471682823 0.5208157199319057 0
1626471685840 0.5177916153784721 0
1626471688883 0.5268717246121525 0
1626471691887 0.5197876213882376 0
1626471694901 0.5182335213307412 0
1626471697902 0.530787168697278 0
1626471700900 0.5209470626121292 0
1626471703917 0.5198177090987631 0
1626471707138 0.5063468953980829 0
1626471710373 0.5160892732132415 0
1626471713613 0.5284605094914063 0
1626471716686 0.5185181795177372 0
1626471719882 0.5121970341502247 0
1626471722923 0.5137945770667994 0
1626471725961 0.5133356745891308 0
1626471729213 0.5273865359719447 0
1626471732431 0.5060688787341667 0
1626471735502 0.5143138538307858 0
1626471738560 0.5272813134479083 0
1626471741568 0.5231239040326413 0
1626471744593 0.5102461783842007 0
1626471747579 0.5052632483469176 0
1626471750588 0.5134605251698999 0
1626471753636 0.5100377199287238 0
1626471756675 0.509738608714073 0
1626471759676 0.5137317260289522 0
1626471762698 0.5091977179874473 0
1626471765705 0.5090537444787091 0
1626471768745 0.5236344323729589 0
1626471771765 0.503938457658214 0
1626471774805 0.5340145691748588 0
