1626664048051 0.5161290322580645 0
1626664054491 0.5852534562211982 0
1626664060896 0.6359447004608295 0
1626664067311 0.6820276497695853 0
1626664073768 0.7235023041474654 0
1626664080163 0.7327188940092166 0
1626664086571 0.7557603686635944 0
1626664093046 0.7327188940092166 0
1626664099541 0.7373271889400922 0
1626664105951 0.7972350230414746 0
1626664112356 0.7972350230414746 0
1626664118739 0.7603686635944701 0
1626664125153 0.8248847926267281 0
1626664131553 0.7788018433179723 0
1626664137987 0.7926267281105991 0
1626664144399 0.815668202764977 0
1626664150808 0.7695852534562212 0
1626664157210 0.815668202764977 0
1626664163625 0.7557603686635944 0
1626664170040 0.8202764976958525 0
1626664176474 0.7926267281105991 0
1626664182899 0.8110599078341014 0
1626664189305 0.783410138248848 0
1626664195976 0.8709677419354839 0
1626664202612 0.8571428571428571 0
1626664209256 0.847926267281106 0
1626664215670 0.8387096774193549 0
1626664222093 0.8571428571428571 0
1626664228508 0.8202764976958525 0
1626664234960 0.8248847926267281 0
1626664241596 0.8387096774193549 0
1626664248265 0.8709677419354839 0
1626664254942 0.8571428571428571 0
1626664261378 0.880184331797235 0
1626664267820 0.8894009216589862 0
1626664274281 0.9124423963133641 0
1626664280710 0.8940092165898618 0
1626664287173 0.8571428571428571 0
1626664293625 0.9032258064516129 0
1626664300050 0.8847926267281105 0
1626664306721 0.8894009216589862 0
1626664313144 0.8709677419354839 0
1626664319601 0.8847926267281105 0
1626664326034 0.8755760368663594 0
1626664332506 0.8617511520737328 0
1626664339196 0.8709677419354839 0
1626664345850 0.8847926267281105 0
1626664352515 0.9032258064516129 0
1626664359048 0.8709677419354839 0
1626664365534 0.8894009216589862 0
1626664372026 0.8525345622119815 0
1626664378576 0.8433179723502304 0
1626664385012 0.8755760368663594 0
1626664391456 0.8433179723502304 0
1626664398157 0.847926267281106 0
1626664404824 0.8940092165898618 0
1626664411274 0.8894009216589862 0
1626664417714 0.8894009216589862 0
1626664424161 0.8617511520737328 0
1626664430629 0.9170506912442397 0
1626664437081 0.8341013824884793 0
1626664443523 0.847926267281106 0
1626664449980 0.847926267281106 0
1626664456421 0.8571428571428571 0
1626664462844 0.8755760368663594 0
1626664469292 0.8663594470046083 0
1626664475985 0.9078341013824884 0
1626664482433 0.9216589861751152 0
1626664488888 0.8847926267281105 0
1626664495320 0.8709677419354839 0
1626664501752 0.9124423963133641 0
1626664508424 0.8986175115207373 0
1626664514884 0.8940092165898618 0
1626664521331 0.9032258064516129 0
1626664527805 0.9354838709677419 0
1626664534308 0.9032258064516129 0
1626664540756 0.9216589861751152 0
1626664547184 0.8755760368663594 0
1626664553610 0.9216589861751152 0
1626664560048 0.9032258064516129 0
1626664566497 0.8847926267281105 0
1626664572932 0.8986175115207373 0
1626664579384 0.9078341013824884 0
1626664585811 0.8709677419354839 0
1626664592255 0.9216589861751152 0
1626664598698 0.8663594470046083 0
1626664605141 0.8571428571428571 0
1626664611788 0.880184331797235 0
1626664618476 0.9032258064516129 0
1626664625146 0.9170506912442397 0
1626664631801 0.880184331797235 0
1626664638224 0.8387096774193549 0
1626664644637 0.8755760368663594 0
1626664651106 0.880184331797235 0
1626664657536 0.9124423963133641 0
1626664663976 0.8986175115207373 0
1626664670407 0.8847926267281105 0
1626664676939 0.8755760368663594 0
1626664683360 0.9078341013824884 0
1626664689883 0.9124423963133641 0
1626664696391 0.9216589861751152 0
1626664702829 0.9078341013824884 0
1626664709268 0.9124423963133641 0
1626664715704 0.9078341013824884 0
1626664722367 0.8986175115207373 0
1626664728804 0.9032258064516129 0
1626664735330 0.880184331797235 0
1626664741803 0.9032258064516129 0
1626664748266 0.8940092165898618 0
1626664754700 0.8847926267281105 0
1626664761360 0.8940092165898618 0
1626664767793 0.9032258064516129 0
1626664774236 0.9124423963133641 0
1626664780908 0.9032258064516129 0
1626664787560 0.8986175115207373 0
1626664794227 0.8571428571428571 0
1626664800647 0.9354838709677419 0
1626664807298 0.8755760368663594 0
1626664813985 0.9262672811059908 0
1626664820457 0.8986175115207373 0
1626664826905 0.9170506912442397 0
1626664833341 0.8755760368663594 0
1626664839818 0.8663594470046083 0
1626664846268 0.9170506912442397 0
1626664852719 0.8755760368663594 0
1626664859402 0.8617511520737328 0
1626664865854 0.8940092165898618 0
1626664872551 0.9124423963133641 0
1626664879028 0.880184331797235 0
1626664885487 0.9078341013824884 0
1626664891924 0.9032258064516129 0
1626664898379 0.8894009216589862 0
1626664904845 0.9308755760368663 0
1626664911286 0.8986175115207373 0
1626664917957 0.9170506912442397 0
1626664924629 0.9493087557603687 0
1626664931297 0.8847926267281105 0
1626664937754 0.9124423963133641 0
1626664944220 0.9124423963133641 0
1626664950659 0.9262672811059908 0
1626664957097 0.9170506912442397 0
1626664963555 0.8940092165898618 0
1626664970019 0.9078341013824884 0
1626664976456 0.9170506912442397 0
1626664982921 0.9078341013824884 0
1626664989366 0.9170506912442397 0
1626664995959 0.8894009216589862 0
1626665002401 0.8940092165898618 0
1626665008862 0.880184331797235 0
