1626664048048 0.6917707865139306 0
1626664054488 0.6634263486906131 0
1626664060895 0.6396576042548852 0
1626664067309 0.608785918231384 0
1626664073766 0.5770341839109149 0
1626664080161 0.5555257492351092 0
1626664086570 0.540866062388442 0
1626664093045 0.50721717814696 0
1626664099539 0.5168455103026007 0
1626664105950 0.5012468517101305 0
1626664112354 0.4574341416908299 0
1626664118738 0.4725882589542371 0
1626664125151 0.42105024393802415 0
1626664131552 0.4395161878128755 0
1626664137985 0.44241991625403476 0
1626664144398 0.43210118967816574 0
1626664150807 0.47718217955206943 0
1626664157209 0.4079319952819754 0
1626664163624 0.4729641468568881 0
1626664170039 0.4207143220483982 0
1626664176472 0.41216395733543254 0
1626664182897 0.3714525483994989 0
1626664189304 0.46453634522477605 0
1626664195973 0.33008489768076604 0
1626664202609 0.3528214370325414 0
1626664209254 0.35472999739756783 0
1626664215668 0.34830323122613444 0
1626664222091 0.3106596338034775 0
1626664228507 0.38370429741622114 0
1626664234958 0.37334424504486646 0
1626664241595 0.36404571637579924 0
1626664248262 0.30639741209245497 0
1626664254941 0.35582316951817633 0
1626664261376 0.3098492662203477 0
1626664267818 0.2715127091803309 0
1626664274280 0.25119294507712264 0
1626664280708 0.28906794105257305 0
1626664287172 0.3274860247488945 0
1626664293623 0.29879785133396974 0
1626664300049 0.2593970204003945 0
1626664306720 0.2489495108479179 0
1626664313141 0.28594359522041635 0
1626664319600 0.3198517915290622 0
1626664326032 0.2832554920752477 0
1626664332504 0.30997338588886 0
1626664339195 0.28879485220953066 0
1626664345849 0.2834637678713293 0
1626664352514 0.26276190448466535 0
1626664359046 0.31067274201850187 0
1626664365533 0.2695027798551568 0
1626664372025 0.30760061246458836 0
1626664378574 0.33106899920696486 0
1626664385011 0.2517179730026403 0
1626664391454 0.3283009812029825 0
1626664398156 0.3295595353374833 0
1626664404823 0.2455226949283055 0
1626664411271 0.2556355705458997 0
1626664417712 0.26240642636602374 0
1626664424159 0.28875410501858056 0
1626664430627 0.2280680362804694 0
1626664437080 0.3435280338135733 0
1626664443522 0.33186239320012284 0
1626664449978 0.3193936536114337 0
1626664456420 0.28675497292373586 0
1626664462842 0.3029401773406613 0
1626664469290 0.3043634125164577 0
1626664475983 0.2456232691140768 0
1626664482431 0.2360983441502268 0
1626664488886 0.2823703703792414 0
1626664495319 0.3023457630164063 0
1626664501750 0.23016883467199617 0
1626664508422 0.2746185343111715 0
1626664514882 0.2735388669000793 0
1626664521329 0.24961431166543388 0
1626664527803 0.20108617327180325 0
1626664534307 0.23598930734093837 0
1626664540753 0.20751326699410716 0
1626664547182 0.2631556115666842 0
1626664553609 0.21717369515225635 0
1626664560046 0.2601743959886138 0
1626664566495 0.258657418775119 0
1626664572930 0.25671468118918106 0
1626664579381 0.26194792834844455 0
1626664585810 0.29319524078325193 0
1626664592254 0.2600449955408474 0
1626664598696 0.3061710302181508 0
1626664605139 0.3679967986823227 0
1626664611787 0.2967521272222018 0
1626664618474 0.24178203542111656 0
1626664625145 0.2473480439131161 0
1626664631798 0.26535589148372 0
1626664638223 0.31402783102703535 0
1626664644635 0.28986906922907324 0
1626664651105 0.26092314280672557 0
1626664657535 0.246990410688286 0
1626664663974 0.24661370741057506 0
1626664670405 0.25774376678027316 0
1626664676937 0.2688300251136727 0
1626664683359 0.21192684700961487 0
1626664689881 0.24646769594486959 0
1626664696389 0.21567141556520067 0
1626664702827 0.21201816420950648 0
1626664709266 0.2465972977299844 0
1626664715703 0.21606607714556328 0
1626664722366 0.2331778265638835 0
1626664728804 0.21740351033650235 0
1626664735328 0.26475720677507636 0
1626664741801 0.23811576676808194 0
1626664748263 0.20140329950965494 0
1626664754699 0.2297634343672458 0
1626664761359 0.27827582889438224 0
1626664767792 0.2910860954067125 0
1626664774235 0.2300712592590789 0
1626664780906 0.24954401883661473 0
1626664787559 0.25122745836385385 0
1626664794226 0.30726572472928304 0
1626664800645 0.1958998705384918 0
1626664807297 0.2710281388001508 0
1626664813984 0.20242833624237694 0
1626664820456 0.2552832755075622 0
1626664826903 0.20501372094527917 0
1626664833339 0.29666411409729637 0
1626664839816 0.290698706142364 0
1626664846266 0.21195036475010182 0
1626664852717 0.23835839063341166 0
1626664859400 0.2825840975282379 0
1626664865853 0.22658208383393177 0
1626664872550 0.23705047176730248 0
1626664879027 0.3036240447776109 0
1626664885486 0.23743914555294723 0
1626664891922 0.24413482631955827 0
1626664898377 0.261303846462531 0
1626664904843 0.19252015327528324 0
1626664911284 0.2898880116950532 0
1626664917956 0.21510178015528736 0
1626664924628 0.19806241645791015 0
1626664931294 0.2727609024069826 0
1626664937753 0.23411085171633603 0
1626664944218 0.24216145098484057 0
1626664950657 0.2275456783408943 0
1626664957095 0.22619448389325822 0
1626664963553 0.22274994808957324 0
1626664970017 0.2438090383182473 0
1626664976455 0.16815961533427787 0
1626664982919 0.21209037111651513 0
1626664989365 0.2073903236246329 0
1626664995956 0.22522296471529843 0
1626665002400 0.22521713142570812 0
1626665008860 0.2796689976470262 0
