1626745512390 0.46543778801843316 0
1626745515369 0.6082949308755761 0
1626745518371 0.7188940092165899 0
1626745521588 0.783410138248848 0
1626745524619 0.815668202764977 0
1626745527826 0.8709677419354839 0
1626745530807 0.8571428571428571 0
1626745533803 0.8986175115207373 0
1626745536776 0.880184331797235 0
1626745539763 0.9216589861751152 0
1626745542752 0.9539170506912442 0
1626745545735 0.9493087557603687 0
1626745548949 0.967741935483871 0
1626745552186 0.9585253456221198 0
1626745555187 0.9815668202764977 0
1626745558418 0.9861751152073732 0
1626745561629 0.9723502304147466 0
1626745564840 0.9815668202764977 0
1626745568061 0.9953917050691244 0
1626745571034 0.9769585253456221 0
1626745574090 0.9815668202764977 0
1626745577308 0.9953917050691244 0
1626745580522 0.9953917050691244 0
1626745583716 0.9953917050691244 0
1626745586705 0.9953917050691244 0
1626745589959 0.9907834101382489 0
1626745593168 0.9907834101382489 0
1626745596161 0.9953917050691244 0
1626745599158 0.9907834101382489 0
1626745602127 0.9953917050691244 0
1626745605265 1.0 0
1626745608265 0.9907834101382489 0
1626745611258 0.9953917050691244 0
1626745614291 0.9953917050691244 0
1626745617258 1.0 0
1626745620263 1.0 0
1626745623250 1.0 0
1626745626250 0.9861751152073732 0
1626745629251 0.9953917050691244 0
1626745632474 1.0 0
1626745635545 1.0 0
1626745638519 1.0 0
1626745641494 0.9953917050691244 0
1626745644527 0.9953917050691244 0
1626745647508 0.9907834101382489 0
1626745650525 1.0 0
1626745653496 0.9953917050691244 0
1626745656696 1.0 0
1626745659889 1.0 0
1626745663131 0.9953917050691244 0
1626745666378 1.0 0
1626745669367 1.0 0
1626745672361 0.9953917050691244 0
1626745675323 0.9769585253456221 0
1626745678295 0.9907834101382489 0
1626745681325 1.0 0
1626745684323 1.0 0
1626745687556 1.0 0
1626745690551 1.0 0
1626745693512 0.9953917050691244 0
1626745696504 0.9861751152073732 0
1626745699509 0.9907834101382489 0
1626745702495 0.9815668202764977 0
1626745705514 0.9953917050691244 0
1626745708742 0.9861751152073732 0
1626745711714 0.9815668202764977 0
1626745714717 0.9907834101382489 0
1626745717732 0.9907834101382489 0
1626745720717 0.9769585253456221 0
1626745723709 0.9953917050691244 0
1626745726929 0.9953917050691244 0
1626745730143 1.0 0
1626745733355 0.9953917050691244 0
1626745736342 0.9953917050691244 0
1626745739296 1.0 0
1626745742416 1.0 0
1626745745376 1.0 0
1626745748384 0.9953917050691244 0
1626745751361 1.0 0
1626745754364 1.0 0
1626745757333 0.9907834101382489 0
1626745760556 0.9953917050691244 0
1626745763762 1.0 0
1626745766996 1.0 0
1626745769978 1.0 0
1626745772956 1.0 0
1626745775945 0.9953917050691244 0
1626745778921 0.9953917050691244 0
1626745781967 1.0 0
1626745785009 0.9953917050691244 0
1626745787998 1.0 0
1626745790948 1.0 0
1626745793946 1.0 0
1626745796949 1.0 0
1626745800169 1.0 0
1626745803163 1.0 0
1626745806376 1.0 0
1626745809568 1.0 0
1626745812565 1.0 0
1626745815784 1.0 0
1626745818843 0.9907834101382489 0
1626745821957 0.9907834101382489 0
1626745824950 1.0 0
1626745827942 1.0 0
1626745830943 0.9953917050691244 0
1626745833903 0.9907834101382489 0
1626745836923 1.0 0
1626745840188 1.0 0
1626745843387 1.0 0
1626745846607 0.9953917050691244 0
1626745849599 1.0 0
1626745852820 1.0 0
1626745855819 1.0 0
1626745858876 1.0 0
1626745861918 0.9907834101382489 0
1626745865108 1.0 0
1626745868339 1.0 0
1626745871553 1.0 0
1626745874557 1.0 0
1626745877579 1.0 0
1626745880613 1.0 0
1626745883689 1.0 0
1626745886913 1.0 0
1626745890114 0.9953917050691244 0
1626745893080 1.0 0
1626745896085 0.9953917050691244 0
1626745899315 0.9953917050691244 0
1626745902554 1.0 0
1626745905553 1.0 0
1626745908760 0.9953917050691244 0
1626745911769 1.0 0
1626745914782 1.0 0
1626745917774 1.0 0
1626745920811 1.0 0
1626745923831 0.9953917050691244 0
1626745926820 1.0 0
1626745930064 1.0 0
1626745933045 1.0 0
1626745936043 1.0 0
1626745939120 0.9907834101382489 0
1626745942110 1.0 0
1626745945109 1.0 0
1626745948306 0.9953917050691244 0
1626745951505 1.0 0
1626745954492 0.9953917050691244 0
1626745957489 1.0 0
1626745960497 1.0 0
1626745963486 1.0 0
1626745966503 1.0 0
