1626745512388 0.7082705701001778 0
1626745515367 0.6436183510288116 0
1626745518370 0.5816080570220947 0
1626745521585 0.5163964605825837 0
1626745524617 0.4388607147102532 0
1626745527824 0.3860651972931102 0
1626745530805 0.3414661998298311 0
1626745533801 0.2789608597549425 0
1626745536774 0.27425838828361526 0
1626745539761 0.19306795985742647 0
1626745542750 0.1496320103170685 0
1626745545734 0.1356559899476816 0
1626745548948 0.11372708910346581 0
1626745552185 0.09774481590991746 0
1626745555184 0.07063565039277626 0
1626745558417 0.06616824212986204 0
1626745561627 0.06674241120090132 0
1626745564838 0.06139462746782786 0
1626745568059 0.04427255655977926 0
1626745571033 0.04404479992245474 0
1626745574087 0.045292853236129756 0
1626745577305 0.03204829337221274 0
1626745580521 0.032632197655763154 0
1626745583715 0.014367857287006994 0
1626745586704 0.015541300246243103 0
1626745589957 0.022811495179679536 0
1626745593166 0.02772440744160507 0
1626745596158 0.014926449495232514 0
1626745599155 0.02922441752000888 0
1626745602125 0.010617587424617278 0
1626745605264 0.010514815857264853 0
1626745608264 0.030683428770111452 0
1626745611256 0.019164080710111674 0
1626745614290 0.007579020091599661 0
1626745617257 0.007294181699989029 0
1626745620261 0.006685110435645152 0
1626745623248 0.004847828006762947 0
1626745626247 0.06970954380397286 0
1626745629250 0.014647504563503985 0
1626745632472 0.001881871629969865 0
1626745635543 0.0038713491425210016 0
1626745638517 0.008577336363876904 0
1626745641492 0.010323871399194414 0
1626745644524 0.011730889570073134 0
1626745647506 0.02835054441531133 0
1626745650523 0.0034766072270026953 0
1626745653494 0.007600592578195834 0
1626745656694 0.005433867054600869 0
1626745659887 0.01018932544141321 0
1626745663129 0.013752522556731383 0
1626745666376 0.005645228696296052 0
1626745669365 0.00538170776299892 0
1626745672359 0.011196852562957644 0
1626745675321 0.06743533291300322 0
1626745678293 0.025677399152287922 0
1626745681323 0.003181853051853156 0
1626745684322 0.004601459899109312 0
1626745687554 0.004813395063972212 0
1626745690549 0.0036999239770841488 0
1626745693511 0.014635651067587598 0
1626745696502 0.03474104631056983 0
1626745699508 0.017710154618604392 0
1626745702493 0.046238848978164285 0
1626745705512 0.008991578207855556 0
1626745708740 0.02370709620339985 0
1626745711712 0.0422916648606877 0
1626745714716 0.013864899010849207 0
1626745717731 0.02767104707005936 0
1626745720716 0.0458913701436212 0
1626745723707 0.004949989404598002 0
1626745726927 0.013195258127482531 0
1626745730142 0.007601017364025039 0
1626745733353 0.013257892459012946 0
1626745736341 0.00893342493247876 0
1626745739294 0.004939139851214459 0
1626745742414 0.007183985080793156 0
1626745745375 0.003508107866533959 0
1626745748383 0.00828745617857954 0
1626745751359 0.0019527223081358016 0
1626745754362 0.0027211596883515814 0
1626745757331 0.012440746007401342 0
1626745760555 0.018803083403293508 0
1626745763761 0.004393166934584229 0
1626745766995 0.003156400494350438 0
1626745769977 0.006050361466566144 0
1626745772955 0.008759203319188877 0
1626745775943 0.009523561747405627 0
1626745778919 0.012850378796647084 0
1626745781966 0.002368903381981745 0
1626745785006 0.01583468254649162 0
1626745787997 0.003590488488504809 0
1626745790946 0.009509092513343087 0
1626745793945 0.002446439958588984 0
1626745796946 0.004594090077081859 0
1626745800166 0.0029495116730954515 0
1626745803161 0.0012428766038174385 0
1626745806374 0.001500198919077142 0
1626745809566 0.0009224722470362856 0
1626745812564 0.0016539420951039783 0
1626745815782 0.008580745914832943 0
1626745818842 0.019913742482911126 0
1626745821955 0.02294651292315963 0
1626745824948 0.0013138940256404957 0
1626745827940 0.0010309614914937228 0
1626745830941 0.009928968646520672 0
1626745833901 0.013693613665712749 0
1626745836921 0.0010031165071218038 0
1626745840187 0.0009776644970929842 0
1626745843386 0.0007170729930855952 0
1626745846605 0.008662275180155153 0
1626745849598 0.003693276839244956 0
1626745852818 0.0020623234559863394 0
1626745855816 0.002414754458836147 0
1626745858874 0.002316807255080219 0
1626745861917 0.011401696207885918 0
1626745865107 0.001882639898133168 0
1626745868337 0.004799513772617133 0
1626745871551 0.004767479983905185 0
1626745874555 0.0025317037160495458 0
1626745877576 0.0035935876558938233 0
1626745880611 0.0016518853141278165 0
1626745883687 0.0028976214285682425 0
1626745886910 0.00790784600686254 0
1626745890112 0.02409295772721622 0
1626745893078 0.002002481491284682 0
1626745896084 0.019684830560318885 0
1626745899313 0.008783488780633474 0
1626745902553 0.0048962839733442285 0
1626745905551 0.002370326475600802 0
1626745908759 0.006112605196023886 0
1626745911767 0.0029760104805780447 0
1626745914779 0.0017438231522650866 0
1626745917772 0.0010998298484866382 0
1626745920810 0.005622835340319536 0
1626745923830 0.011171127519165788 0
1626745926817 0.003832217855250231 0
1626745930061 0.005448797880712154 0
1626745933044 0.006785246084262091 0
1626745936041 0.0009667631700068437 0
1626745939118 0.011753501430098054 0
1626745942108 0.001884354974254794 0
1626745945107 0.0020474398742437424 0
1626745948304 0.008991719939888666 0
1626745951504 0.0009095918736957048 0
1626745954491 0.007879405801478464 0
1626745957488 0.0014091653205896405 0
1626745960496 0.0019159432401889206 0
1626745963484 0.0013441171503544265 0
1626745966501 0.010822800172638784 0
