1626426832290 0.7549204708244394 0
1626426833618 0.6962982144223929 0
1626426834942 0.6838949306219954 0
1626426836258 0.6646155036539526 0
1626426837570 0.6816446943217159 0
1626426838871 0.6056816248300438 0
1626426840171 0.568041195243185 0
1626426841491 0.5700837296824302 0
1626426842806 0.5875566299609875 0
1626426844104 0.540705654203617 0
1626426845435 0.5107852514438366 0
1626426846732 0.47361135949736916 0
1626426848039 0.4968733743588496 0
1626426849344 0.46390456936326446 0
1626426850650 0.44671247247177337 0
1626426851953 0.44514144950198686 0
1626426853249 0.4357625007080043 0
1626426854547 0.43647646079964353 0
1626426855854 0.4025320432702517 0
1626426857156 0.4049333355943179 0
1626426858476 0.41899234042738986 0
1626426859797 0.41662226775274847 0
1626426861106 0.37005766443393195 0
1626426862421 0.36032083685496985 0
1626426863718 0.3752404859263776 0
1626426865029 0.35530497291670415 0
1626426866343 0.3918910056764629 0
1626426867650 0.3547261215849406 0
1626426868952 0.390677663313079 0
1626426870259 0.32146587706930624 0
1626426871593 0.3136316850987448 0
1626426872892 0.34260066382346616 0
1626426874207 0.2970031802006032 0
1626426875535 0.2888732360255334 0
1626426876851 0.275968847186884 0
1626426878166 0.26197161515187556 0
1626426879482 0.23615493889777892 0
1626426880803 0.32945869835565716 0
1626426882112 0.2679173870844775 0
1626426883425 0.22838883795496506 0
1626426884734 0.24675496918265172 0
1626426886037 0.2631141731197933 0
1626426887348 0.2342697140258578 0
1626426888658 0.26181536226228636 0
1626426889968 0.2626553559632895 0
1626426891279 0.20578731390463043 0
1626426892594 0.21327190471959004 0
1626426893914 0.21116584134266672 0
1626426895234 0.2224414860872629 0
1626426896558 0.22614102923925022 0
1626426897881 0.23329293920147803 0
1626426899196 0.24769471214938274 0
1626426900513 0.21102932741015737 0
1626426901825 0.2460084075477266 0
1626426903143 0.23169008316257583 0
1626426904444 0.1847083330291757 0
1626426905750 0.18119233496452805 0
1626426907064 0.1962590420850411 0
1626426908368 0.18639770809406508 0
1626426909676 0.2340030473772831 0
1626426910981 0.3104360614504133 0
1626426912285 0.22530301086913607 0
1626426913603 0.23648702136931882 0
1626426914912 0.1787410845404946 0
1626426916237 0.21073362890476455 0
1626426917544 0.15991202147874964 0
1626426918848 0.16594141807561646 0
1626426920146 0.1612061737319841 0
1626426921465 0.20087148736698837 0
1626426922767 0.16313425152807193 0
1626426924073 0.15176592945777875 0
1626426925379 0.1678608185547288 0
1626426926687 0.16683045132643617 0
1626426927984 0.16467220195427468 0
1626426929277 0.13701506257743878 0
1626426930576 0.15057582061411598 0
1626426931884 0.1380452575840159 0
1626426933219 0.14011387399951433 0
1626426934530 0.13090152290010232 0
1626426935842 0.16395208737405215 0
1626426937160 0.1489103716295985 0
1626426938500 0.15081339964668872 0
1626426939819 0.1525810264085295 0
1626426941186 0.12901176216964896 0
1626426942483 0.13163794652657576 0
1626426943796 0.16926609511886323 0
1626426945100 0.1282816275198888 0
1626426946400 0.16151227664700302 0
1626426947709 0.1569871704699257 0
1626426949041 0.13694208173707884 0
1626426950345 0.13733118750189308 0
1626426951662 0.1611708709583854 0
1626426952980 0.12862000051319325 0
1626426954292 0.13131878373947012 0
1626426955605 0.12104533121745158 0
1626426956918 0.1293870591760231 0
1626426958231 0.12536722675721218 0
1626426959549 0.11242542134314638 0
1626426960851 0.1283989383877697 0
1626426962162 0.1200032040545468 0
1626426963481 0.12217119593636781 0
1626426964811 0.10457423401455726 0
1626426966141 0.10727414385789001 0
1626426967464 0.08880620449781418 0
1626426968783 0.15451613487461197 0
1626426970104 0.13170782100701112 0
1626426971417 0.07770724093309746 0
1626426972740 0.10939182828648299 0
1626426974052 0.08290345544501933 0
1626426975397 0.08543294760900709 0
1626426976714 0.11843642152948863 0
1626426978025 0.08537366862670617 0
1626426979341 0.09968917193706683 0
1626426980653 0.10866541219746462 0
1626426981971 0.09681687129807362 0
1626426983281 0.13468815969981357 0
1626426984589 0.12663030485335033 0
1626426985905 0.13942528330648 0
1626426987221 0.10811372739928109 0
1626426988533 0.12078836793723743 0
1626426989896 0.10022234051458297 0
1626426991212 0.10441665275854999 0
1626426992513 0.14040959526866262 0
1626426993812 0.13587277612653195 0
1626426995120 0.11720100007436242 0
1626426996438 0.12499430967915443 0
1626426997743 0.09385024565636838 0
1626426999057 0.12238475694085046 0
1626427000369 0.10576462759400293 0
1626427001675 0.11180266854675135 0
1626427002983 0.1088064991384058 0
1626427004292 0.0810688934310378 0
1626427005585 0.147102019273191 0
1626427006911 0.13969538481004776 0
1626427008224 0.08588046353945535 0
1626427009535 0.08546675920211774 0
1626427010855 0.16314998505130615 0
1626427012178 0.08998535506530292 0
1626427013496 0.10134210118225642 0
1626427014810 0.10660310803745199 0
1626427016118 0.0877168978208221 0
1626427017436 0.1002316248650375 0
1626427018763 0.09403562219598875 0
1626427020079 0.09086577771102777 0
1626427021407 0.09757184996033594 0
1626427022729 0.11521170896044525 0
1626427024044 0.12477118755403202 0
1626427025369 0.06734679536336029 0
1626427026695 0.18993939438723198 0
