1626426832292 0.423963133640553 0
1626426833620 0.5161290322580645 0
1626426834944 0.5391705069124424 0
1626426836259 0.5990783410138248 0
1626426837571 0.5668202764976958 0
1626426838872 0.631336405529954 0
1626426840172 0.7050691244239631 0
1626426841493 0.7188940092165899 0
1626426842808 0.6728110599078341 0
1626426844105 0.7695852534562212 0
1626426845437 0.7788018433179723 0
1626426846734 0.783410138248848 0
1626426848040 0.7741935483870968 0
1626426849345 0.7880184331797235 0
1626426850651 0.815668202764977 0
1626426851954 0.7788018433179723 0
1626426853250 0.7880184331797235 0
1626426854548 0.8018433179723502 0
1626426855855 0.8387096774193549 0
1626426857157 0.8387096774193549 0
1626426858478 0.8294930875576036 0
1626426859798 0.8110599078341014 0
1626426861107 0.815668202764977 0
1626426862422 0.8663594470046083 0
1626426863719 0.8525345622119815 0
1626426865030 0.8341013824884793 0
1626426866345 0.8248847926267281 0
1626426867651 0.8663594470046083 0
1626426868954 0.8248847926267281 0
1626426870260 0.8755760368663594 0
1626426871594 0.880184331797235 0
1626426872893 0.8571428571428571 0
1626426874209 0.8940092165898618 0
1626426875536 0.880184331797235 0
1626426876853 0.880184331797235 0
1626426878168 0.9032258064516129 0
1626426879484 0.9447004608294931 0
1626426880804 0.8663594470046083 0
1626426882114 0.8894009216589862 0
1626426883426 0.9493087557603687 0
1626426884735 0.9078341013824884 0
1626426886038 0.8894009216589862 0
1626426887350 0.9170506912442397 0
1626426888659 0.8894009216589862 0
1626426889970 0.8986175115207373 0
1626426891280 0.9354838709677419 0
1626426892596 0.9308755760368663 0
1626426893916 0.9400921658986175 0
1626426895235 0.9308755760368663 0
1626426896560 0.9032258064516129 0
1626426897882 0.9032258064516129 0
1626426899197 0.8986175115207373 0
1626426900514 0.8940092165898618 0
1626426901826 0.9032258064516129 0
1626426903145 0.9170506912442397 0
1626426904446 0.9354838709677419 0
1626426905753 0.9539170506912442 0
1626426907065 0.9262672811059908 0
1626426908370 0.9354838709677419 0
1626426909678 0.8894009216589862 0
1626426910983 0.8617511520737328 0
1626426912288 0.9078341013824884 0
1626426913606 0.9078341013824884 0
1626426914913 0.9493087557603687 0
1626426916238 0.9308755760368663 0
1626426917545 0.9400921658986175 0
1626426918849 0.9354838709677419 0
1626426920148 0.9493087557603687 0
1626426921468 0.9078341013824884 0
1626426922768 0.9585253456221198 0
1626426924074 0.9631336405529954 0
1626426925380 0.9493087557603687 0
1626426926689 0.9493087557603687 0
1626426927985 0.9493087557603687 0
1626426929279 0.9493087557603687 0
1626426930577 0.9631336405529954 0
1626426931885 0.9585253456221198 0
1626426933220 0.9585253456221198 0
1626426934531 0.9539170506912442 0
1626426935843 0.9493087557603687 0
1626426937161 0.9493087557603687 0
1626426938502 0.967741935483871 0
1626426939820 0.9400921658986175 0
1626426941187 0.9493087557603687 0
1626426942486 0.9631336405529954 0
1626426943797 0.9447004608294931 0
1626426945103 0.9585253456221198 0
1626426946402 0.9400921658986175 0
1626426947710 0.9539170506912442 0
1626426949043 0.9631336405529954 0
1626426950347 0.9493087557603687 0
1626426951664 0.9447004608294931 0
1626426952981 0.9631336405529954 0
1626426954294 0.9447004608294931 0
1626426955606 0.9493087557603687 0
1626426956919 0.9585253456221198 0
1626426958233 0.9585253456221198 0
1626426959550 0.967741935483871 0
1626426960853 0.9631336405529954 0
1626426962164 0.9585253456221198 0
1626426963483 0.967741935483871 0
1626426964812 0.9769585253456221 0
1626426966143 0.9723502304147466 0
1626426967465 0.9815668202764977 0
1626426968785 0.9447004608294931 0
1626426970105 0.9539170506912442 0
1626426971418 0.9815668202764977 0
1626426972741 0.9631336405529954 0
1626426974054 0.9769585253456221 0
1626426975399 0.9723502304147466 0
1626426976715 0.9631336405529954 0
1626426978027 0.9769585253456221 0
1626426979343 0.9769585253456221 0
1626426980654 0.9723502304147466 0
1626426981973 0.9585253456221198 0
1626426983282 0.9539170506912442 0
1626426984590 0.9585253456221198 0
1626426985908 0.9400921658986175 0
1626426987222 0.967741935483871 0
1626426988535 0.9400921658986175 0
1626426989898 0.967741935483871 0
1626426991213 0.9447004608294931 0
1626426992514 0.9308755760368663 0
1626426993814 0.9493087557603687 0
1626426995122 0.9631336405529954 0
1626426996440 0.9631336405529954 0
1626426997744 0.967741935483871 0
1626426999058 0.9493087557603687 0
1626427000371 0.9631336405529954 0
1626427001677 0.9631336405529954 0
1626427002984 0.9447004608294931 0
1626427004294 0.9769585253456221 0
1626427005587 0.9447004608294931 0
1626427006913 0.9585253456221198 0
1626427008226 0.9769585253456221 0
1626427009536 0.9723502304147466 0
1626427010857 0.9308755760368663 0
1626427012181 0.9907834101382489 0
1626427013497 0.9539170506912442 0
1626427014811 0.9723502304147466 0
1626427016119 0.9723502304147466 0
1626427017437 0.9585253456221198 0
1626427018764 0.9769585253456221 0
1626427020080 0.9723502304147466 0
1626427021408 0.967741935483871 0
1626427022731 0.967741935483871 0
1626427024045 0.9585253456221198 0
1626427025370 0.9861751152073732 0
1626427026697 0.9170506912442397 0
