1626666975371 0.5299539170506913 0
1626666981895 0.5898617511520737 0
1626666988331 0.6359447004608295 0
1626666995039 0.663594470046083 0
1626667001492 0.7142857142857143 0
1626667007950 0.7465437788018433 0
1626667014414 0.7603686635944701 0
1626667020932 0.7465437788018433 0
1626667027400 0.7373271889400922 0
1626667034096 0.7788018433179723 0
1626667040780 0.7649769585253456 0
1626667047265 0.7603686635944701 0
1626667053824 0.815668202764977 0
1626667060290 0.8064516129032258 0
1626667066758 0.7788018433179723 0
1626667073432 0.8202764976958525 0
1626667079869 0.7880184331797235 0
1626667086324 0.7926267281105991 0
1626667093031 0.7557603686635944 0
1626667099481 0.8202764976958525 0
1626667106159 0.7741935483870968 0
1626667112611 0.8248847926267281 0
1626667119287 0.7972350230414746 0
1626667125972 0.8755760368663594 0
1626667132405 0.8525345622119815 0
1626667139079 0.8294930875576036 0
1626667145763 0.8525345622119815 0
1626667152218 0.8755760368663594 0
1626667158656 0.8433179723502304 0
1626667165104 0.8525345622119815 0
1626667171638 0.8617511520737328 0
1626667178090 0.8663594470046083 0
1626667184528 0.8202764976958525 0
1626667190997 0.8709677419354839 0
1626667197466 0.8894009216589862 0
1626667203927 0.9124423963133641 0
1626667210636 0.9032258064516129 0
1626667217279 0.880184331797235 0
1626667223974 0.8894009216589862 0
1626667230448 0.880184331797235 0
1626667236940 0.8940092165898618 0
1626667243386 0.8617511520737328 0
1626667249832 0.8847926267281105 0
1626667256303 0.9078341013824884 0
1626667262775 0.8709677419354839 0
1626667269211 0.8663594470046083 0
1626667275678 0.8525345622119815 0
1626667282128 0.9032258064516129 0
1626667288571 0.8709677419354839 0
1626667295058 0.8894009216589862 0
1626667301559 0.8571428571428571 0
1626667308212 0.8433179723502304 0
1626667314922 0.8940092165898618 0
1626667321605 0.8571428571428571 0
1626667328042 0.8525345622119815 0
1626667334507 0.9032258064516129 0
1626667340957 0.8894009216589862 0
1626667347444 0.8617511520737328 0
1626667353902 0.8709677419354839 0
1626667360330 0.9262672811059908 0
1626667366842 0.8525345622119815 0
1626667373292 0.8571428571428571 0
1626667379943 0.8433179723502304 0
1626667386595 0.8847926267281105 0
1626667393240 0.8894009216589862 0
1626667399903 0.880184331797235 0
1626667406353 0.9032258064516129 0
1626667412811 0.9170506912442397 0
1626667419501 0.8755760368663594 0
1626667426199 0.8847926267281105 0
1626667432632 0.9124423963133641 0
1626667439082 0.9032258064516129 0
1626667445525 0.880184331797235 0
1626667451977 0.8940092165898618 0
1626667458424 0.9124423963133641 0
1626667464862 0.9032258064516129 0
1626667471347 0.9078341013824884 0
1626667477801 0.8894009216589862 0
1626667484476 0.9262672811059908 0
1626667490945 0.8847926267281105 0
1626667497479 0.880184331797235 0
1626667503927 0.9124423963133641 0
1626667510353 0.8894009216589862 0
1626667516858 0.8894009216589862 0
1626667523381 0.9032258064516129 0
1626667529840 0.8663594470046083 0
1626667536310 0.8525345622119815 0
1626667542837 0.8663594470046083 0
1626667549297 0.8940092165898618 0
1626667555774 0.9124423963133641 0
1626667562214 0.9078341013824884 0
1626667568675 0.847926267281106 0
1626667575210 0.8847926267281105 0
1626667581679 0.8755760368663594 0
1626667588126 0.8986175115207373 0
1626667594565 0.8986175115207373 0
1626667601268 0.8940092165898618 0
1626667607740 0.8709677419354839 0
1626667614405 0.8986175115207373 0
1626667621112 0.9078341013824884 0
1626667627681 0.9124423963133641 0
1626667634151 0.880184331797235 0
1626667640833 0.8940092165898618 0
1626667647541 0.9124423963133641 0
1626667653976 0.9078341013824884 0
1626667660690 0.9032258064516129 0
1626667667143 0.9032258064516129 0
1626667673610 0.9124423963133641 0
1626667680080 0.9032258064516129 0
1626667686542 0.8940092165898618 0
1626667693054 0.880184331797235 0
1626667699516 0.8709677419354839 0
1626667705972 0.8986175115207373 0
1626667712538 0.9078341013824884 0
1626667719009 0.8986175115207373 0
1626667725459 0.8617511520737328 0
1626667731899 0.9400921658986175 0
1626667738353 0.880184331797235 0
1626667744846 0.9170506912442397 0
1626667751339 0.8847926267281105 0
1626667757805 0.9308755760368663 0
1626667764275 0.8709677419354839 0
1626667770730 0.8663594470046083 0
1626667777458 0.9032258064516129 0
1626667783888 0.8847926267281105 0
1626667790412 0.8755760368663594 0
1626667797080 0.8986175115207373 0
1626667803771 0.9124423963133641 0
1626667810266 0.8986175115207373 0
1626667816786 0.9032258064516129 0
1626667823338 0.8663594470046083 0
1626667830046 0.8709677419354839 0
1626667836483 0.8940092165898618 0
1626667842970 0.8755760368663594 0
1626667849404 0.9078341013824884 0
1626667855865 0.9493087557603687 0
1626667862566 0.9032258064516129 0
1626667869254 0.9032258064516129 0
1626667875689 0.880184331797235 0
1626667882129 0.9262672811059908 0
1626667888808 0.8755760368663594 0
1626667895490 0.8894009216589862 0
1626667902191 0.9124423963133641 0
1626667908878 0.9400921658986175 0
1626667915423 0.9032258064516129 0
1626667921875 0.9216589861751152 0
1626667928368 0.8894009216589862 0
1626667934815 0.9078341013824884 0
1626667941241 0.8571428571428571 0
