1626666975370 0.689102158293746 0
1626666981892 0.6665814469486887 0
1626666988330 0.6478413936729255 0
1626666995038 0.6009662697941477 0
1626667001491 0.5798352673855794 0
1626667007948 0.5541623061703097 0
1626667014412 0.5425568135103322 0
1626667020931 0.5063453467760218 0
1626667027398 0.5155254289301859 0
1626667034093 0.504075575259424 0
1626667040779 0.47516057211133195 0
1626667047263 0.47476893498600903 0
1626667053823 0.4211744295287242 0
1626667060288 0.45072300752736455 0
1626667066757 0.45592137827851253 0
1626667073430 0.4322429957203052 0
1626667079868 0.48153419620979765 0
1626667086323 0.42358035535856325 0
1626667093029 0.47541751152908746 0
1626667099479 0.41730389053920447 0
1626667106158 0.42401003109694624 0
1626667112610 0.3756520557238759 0
1626667119285 0.4564695176990351 0
1626667125971 0.3279298517835854 0
1626667132403 0.35007754723597234 0
1626667139078 0.35600125116686665 0
1626667145761 0.34704780496210547 0
1626667152217 0.31046355388680913 0
1626667158654 0.3732148010609886 0
1626667165103 0.36841982479469015 0
1626667171637 0.37445061396343915 0
1626667178089 0.32110869445009715 0
1626667184526 0.3645345681273992 0
1626667190996 0.3037868074832424 0
1626667197464 0.28089463339972603 0
1626667203925 0.24136704041661206 0
1626667210633 0.28435212524805203 0
1626667217278 0.31942914158517866 0
1626667223972 0.2827216484304947 0
1626667230445 0.27622584744532536 0
1626667236938 0.26214346468173966 0
1626667243384 0.2956640353675262 0
1626667249831 0.31881710090395493 0
1626667256301 0.27701275565657196 0
1626667262773 0.3056732858380964 0
1626667269209 0.29574683555809583 0
1626667275675 0.2762265607783322 0
1626667282126 0.2675242039465135 0
1626667288569 0.31413544638915 0
1626667295056 0.2884363243656774 0
1626667301557 0.3053422799582855 0
1626667308211 0.3169578070739447 0
1626667314920 0.2629871045664159 0
1626667321603 0.31478050117668466 0
1626667328040 0.32749251162950893 0
1626667334506 0.26341567583347797 0
1626667340955 0.2488384259186582 0
1626667347443 0.2705859315285485 0
1626667353901 0.30474374233852336 0
1626667360328 0.23090713941556518 0
1626667366840 0.32428835943547263 0
1626667373291 0.318685309403503 0
1626667379941 0.3063793476276134 0
1626667386594 0.271905779838562 0
1626667393238 0.2855096231407834 0
1626667399902 0.30358246600572963 0
1626667406351 0.24137017419261317 0
1626667412809 0.23010224323668238 0
1626667419499 0.29253761175041376 0
1626667426197 0.30347624984205046 0
1626667432631 0.24716346206203585 0
1626667439080 0.26110135080627583 0
1626667445524 0.2820548780502812 0
1626667451976 0.2818773537187532 0
1626667458422 0.2029966194234136 0
1626667464860 0.24717331839047268 0
1626667471345 0.21450795322519295 0
1626667477799 0.2682708871254723 0
1626667484475 0.2227299941300247 0
1626667490944 0.24357185248405702 0
1626667497477 0.2643837721391757 0
1626667503924 0.24880565572444194 0
1626667510352 0.27513387346047957 0
1626667516857 0.2713979486770894 0
1626667523379 0.2615910399069984 0
1626667529839 0.30573108723636044 0
1626667536308 0.35881799212249194 0
1626667542834 0.29036117932214167 0
1626667549296 0.2658147049664352 0
1626667555773 0.23255565913591517 0
1626667562212 0.2499382261032333 0
1626667568673 0.3125993922558798 0
1626667575209 0.29389806126119905 0
1626667581677 0.27691794664079694 0
1626667588125 0.24880435115181357 0
1626667594564 0.2401632365817848 0
1626667601266 0.24921844824118547 0
1626667607739 0.2753474503618232 0
1626667614404 0.2105443653423116 0
1626667621109 0.23529110636029923 0
1626667627680 0.22265859435780258 0
1626667634150 0.2281912009012864 0
1626667640831 0.23592071242046797 0
1626667647540 0.2212011587509911 0
1626667653974 0.23360934386604942 0
1626667660688 0.20366714778034367 0
1626667667142 0.25230224643434795 0
1626667673608 0.24257277288744528 0
1626667680078 0.2070483368937321 0
1626667686540 0.2282173155639578 0
1626667693052 0.27074785564901643 0
1626667699515 0.29947053905456295 0
1626667705971 0.22663717363287228 0
1626667712536 0.24707015950558922 0
1626667719008 0.2628430617020427 0
1626667725456 0.3085758260318211 0
1626667731898 0.20717060483545752 0
1626667738351 0.26668530015901487 0
1626667744844 0.20387038753329334 0
1626667751338 0.2656774757095196 0
1626667757803 0.21639370066779 0
1626667764272 0.28480158931648675 0
1626667770727 0.3029798887292361 0
1626667777456 0.22463559568752342 0
1626667783886 0.24610333948091428 0
1626667790410 0.2784909162378531 0
1626667797079 0.23595575116197084 0
1626667803769 0.2305344697517184 0
1626667810263 0.2960759008535042 0
1626667816785 0.2444649948502466 0
1626667823336 0.25700947079241 0
1626667830043 0.24931241757309383 0
1626667836482 0.2063261942105359 0
1626667842969 0.2965926320596774 0
1626667849402 0.21727576316227012 0
1626667855864 0.19740676110790623 0
1626667862564 0.27364783710049045 0
1626667869252 0.2550992310596501 0
1626667875687 0.2639272666197219 0
1626667882127 0.2278140260052571 0
1626667888806 0.23582766352710635 0
1626667895488 0.2484837043944592 0
1626667902190 0.241491298109705 0
1626667908877 0.16414466678821546 0
1626667915421 0.2123048596667804 0
1626667921874 0.20114647037422603 0
1626667928365 0.24800771516039624 0
1626667934814 0.21665576017946692 0
1626667941240 0.2885742699770334 0
